N_TRX 6
IGNORE -9999


DATATYPE MTZ
FREQUENCY 10.0
N_RECV 56
3.487500e+03 2.512500e+03 1.150000e+03 2.065170e+00 4.408390e+00 -8.671155e-01 3.594813e+00 2.225322e+01 1.191086e+00 -1.793111e+01 9.238180e-01 -2.099736e+01 9.870785e-01 1.988986e+01 9.601655e-01 7.113318e-01 6.926169e+00 -1.751373e-01 3.839988e+00
3.987500e+03 2.512500e+03 1.100000e+03 1.174707e+01 4.408390e+00 5.539769e+00 3.594813e+00 3.347014e+01 1.608072e+00 -1.900806e+01 9.756680e-01 -2.521119e+01 1.241994e+00 2.193831e+01 1.080696e+00 6.325251e-02 6.926169e+00 -8.019591e+00 3.839988e+00
4.487500e+03 2.512500e+03 1.100000e+03 7.428231e+00 4.408390e+00 8.117604e-01 3.594813e+00 4.021655e+01 2.065202e+00 -2.226586e+01 1.138383e+00 -2.096754e+01 1.051390e+00 1.754889e+01 8.386155e-01 5.009998e+00 6.926169e+00 -3.223371e+00 3.839988e+00
4.987500e+03 2.512500e+03 1.050000e+03 1.407873e+01 4.408390e+00 9.319423e+00 3.594813e+00 4.243020e+01 2.176489e+00 -2.345066e+01 1.145430e+00 -4.009568e+01 2.048974e+00 2.626867e+01 1.260332e+00 -1.132661e+01 6.926169e+00 -4.474229e+00 3.839988e+00
5.487500e+03 2.512500e+03 1.100000e+03 4.878393e-01 4.408390e+00 -3.469209e+00 3.594813e+00 4.340020e+01 2.222695e+00 -2.590312e+01 1.297122e+00 -4.186518e+01 2.090968e+00 2.465250e+01 1.276053e+00 -1.563975e+01 6.926169e+00 -7.346777e+00 3.839988e+00
5.987500e+03 2.512500e+03 1.125000e+03 7.124739e+00 4.408390e+00 7.153633e+00 3.594813e+00 4.172184e+01 2.129586e+00 -2.249198e+01 1.237523e+00 -4.540344e+01 2.227478e+00 2.695113e+01 1.341331e+00 -2.035197e+01 6.926169e+00 1.256694e+00 3.839988e+00
6.487500e+03 2.512500e+03 1.150000e+03 4.907482e+00 4.408390e+00 -1.346121e+00 3.594813e+00 3.734612e+01 1.916827e+00 -2.282057e+01 1.152400e+00 -4.799938e+01 2.234167e+00 2.596390e+01 1.317781e+00 -1.489467e+01 6.926169e+00 3.033113e+00 3.839988e+00
6.987500e+03 2.512500e+03 1.150000e+03 -4.287334e-01 4.408390e+00 -1.208364e+00 3.594813e+00 4.282767e+01 2.219681e+00 -2.894207e+01 1.337770e+00 -5.683181e+01 2.934292e+00 3.477593e+01 1.671320e+00 -5.119802e+00 6.926169e+00 -9.831129e-01 3.839988e+00
3.487500e+03 3.012500e+03 1.125000e+03 1.720701e+00 4.408390e+00 -3.405384e+00 3.594813e+00 2.773561e+01 1.277438e+00 -1.905929e+01 9.923385e-01 -2.493828e+01 1.201213e+00 2.250901e+01 1.121034e+00 8.787401e-01 6.926169e+00 -4.311901e+00 3.839988e+00
3.987500e+03 3.012500e+03 1.125000e+03 -4.152956e+00 4.408390e+00 9.294001e-01 3.594813e+00 2.748160e+01 1.321259e+00 -1.710652e+01 9.562120e-01 -2.619054e+01 1.240684e+00 2.151656e+01 1.146213e+00 -1.072267e+00 6.926169e+00 -6.767191e+00 3.839988e+00
4.487500e+03 3.012500e+03 1.100000e+03 2.254715e+00 4.408390e+00 3.187041e+00 3.594813e+00 2.918999e+01 1.482679e+00 -1.858107e+01 9.205590e-01 -2.209543e+01 1.067329e+00 1.961982e+01 9.163100e-01 1.361199e+01 6.926169e+00 -2.693998e+00 3.839988e+00
4.987500e+03 3.012500e+03 1.075000e+03 4.923148e+00 4.408390e+00 1.180877e+00 3.594813e+00 5.002251e+01 2.545559e+00 -2.608573e+01 1.310374e+00 -4.448834e+01 2.142949e+00 2.799720e+01 1.338061e+00 -2.023429e+01 6.926169e+00 7.364907e+00 3.839988e+00
5.487500e+03 3.012500e+03 1.100000e+03 6.835504e+00 4.408390e+00 1.241957e-01 3.594813e+00 7.183843e+01 3.431637e+00 -3.677206e+01 1.789121e+00 -5.087654e+01 2.634068e+00 3.443089e+01 1.697997e+00 -2.515537e+01 6.926169e+00 8.836298e+00 3.839988e+00
5.987500e+03 3.012500e+03 1.125000e+03 2.023657e+01 4.408390e+00 9.059912e-03 3.594813e+00 6.173217e+01 3.139416e+00 -3.161630e+01 1.547945e+00 -4.527162e+01 2.273169e+00 2.866050e+01 1.400164e+00 -2.301934e+01 6.926169e+00 6.508522e+00 3.839988e+00
6.487500e+03 3.012500e+03 1.175000e+03 -2.507074e+01 4.408390e+00 3.590922e+01 3.594813e+00 1.504012e+02 7.559135e+00 -9.000505e+01 4.404454e+00 -6.683106e+01 3.934261e+00 6.834045e+01 3.324786e+00 7.010021e+01 6.926169e+00 -4.474903e+01 3.839988e+00
6.987500e+03 3.012500e+03 1.175000e+03 -6.183401e+00 4.408390e+00 1.457357e+01 3.594813e+00 1.134899e+02 5.907135e+00 -7.616375e+01 3.708877e+00 -1.069742e+02 5.114320e+00 7.308168e+01 3.683048e+00 7.589154e+00 6.926169e+00 -3.925458e-01 3.839988e+00
3.487500e+03 3.512500e+03 1.125000e+03 8.744394e-02 4.408390e+00 4.369983e+00 3.594813e+00 2.241708e+01 1.182325e+00 -2.270855e+01 1.082905e+00 -2.159560e+01 1.025807e+00 2.021294e+01 1.014811e+00 -2.028770e+00 6.926169e+00 -1.855612e+00 3.839988e+00
3.987500e+03 3.512500e+03 1.125000e+03 5.897314e+00 4.408390e+00 8.305460e+00 3.594813e+00 1.835324e+01 8.810175e-01 -1.541384e+01 7.631450e-01 -1.263599e+01 6.155235e-01 1.326881e+01 6.215475e-01 -1.022137e+01 6.926169e+00 9.083841e-01 3.839988e+00
4.487500e+03 3.512500e+03 1.050000e+03 1.069150e+00 4.408390e+00 2.941546e+00 3.594813e+00 4.203423e+01 2.112045e+00 -2.492201e+01 1.224001e+00 -4.176291e+01 2.121057e+00 3.069906e+01 1.424620e+00 -5.556349e+00 6.926169e+00 -6.510208e-01 3.839988e+00
4.987500e+03 3.512500e+03 1.075000e+03 -9.437140e-01 4.408390e+00 2.445168e+00 3.594813e+00 1.051650e+02 4.922243e+00 -5.005030e+01 2.398459e+00 -3.268804e+01 1.719742e+00 2.520505e+01 1.197306e+00 -6.515988e+00 6.926169e+00 3.379396e+00 3.839988e+00
5.487500e+03 3.512500e+03 1.150000e+03 1.015774e+01 4.408390e+00 1.656465e+01 3.594813e+00 2.418964e+02 1.193021e+01 -1.221846e+02 6.245250e+00 -1.493944e+01 7.728010e-01 1.835627e+01 8.749410e-01 3.478094e+01 6.926169e+00 -1.211178e+01 3.839988e+00
5.987500e+03 3.512500e+03 1.150000e+03 1.376574e+01 4.408390e+00 7.373976e+00 3.594813e+00 1.151419e+02 5.602625e+00 -5.751604e+01 3.288841e+00 -5.988988e+01 2.882743e+00 4.380182e+01 2.342131e+00 -3.701406e+00 6.926169e+00 -2.521903e+00 3.839988e+00
6.487500e+03 3.512500e+03 1.200000e+03 1.491211e+01 4.408390e+00 3.205499e+00 3.594813e+00 9.771073e+01 5.084085e+00 -6.367732e+01 3.275278e+00 -5.891984e+01 2.883336e+00 4.057781e+01 2.140285e+00 1.976108e-01 6.926169e+00 5.394505e+00 3.839988e+00
6.987500e+03 3.512500e+03 1.200000e+03 1.626805e+01 4.408390e+00 5.208607e+00 3.594813e+00 1.033675e+02 5.088355e+00 -6.617139e+01 3.304022e+00 -8.187346e+01 4.343529e+00 5.999076e+01 2.977980e+00 -1.524882e+01 6.926169e+00 5.042848e+00 3.839988e+00
3.487500e+03 4.012500e+03 1.125000e+03 5.276284e+00 4.408390e+00 -5.389870e+00 3.594813e+00 1.719150e+01 9.007020e-01 -1.549505e+01 8.575410e-01 -1.764437e+01 9.686010e-01 1.826585e+01 9.413165e-01 -1.339604e+01 6.926169e+00 5.046867e+00 3.839988e+00
3.987500e+03 4.012500e+03 1.050000e+03 2.542881e+00 4.408390e+00 5.661409e+00 3.594813e+00 3.260167e+01 1.606056e+00 -2.768739e+01 1.420387e+00 -3.376587e+01 1.660716e+00 2.766578e+01 1.274371e+00 -2.249512e+00 6.926169e+00 -4.337866e+00 3.839988e+00
4.487500e+03 4.012500e+03 1.050000e+03 -2.762730e+01 4.408390e+00 8.525099e+00 3.594813e+00 4.681417e+01 2.499179e+00 -2.955804e+01 1.506053e+00 -5.802526e+01 3.116874e+00 3.226920e+01 1.495159e+00 2.439191e+01 6.926169e+00 -2.372255e+00 3.839988e+00
4.987500e+03 4.012500e+03 1.125000e+03 -2.977385e+01 4.408390e+00 7.284689e+00 3.594813e+00 4.694091e+01 2.524640e+00 -2.424938e+01 1.336358e+00 -5.566642e+01 2.779253e+00 3.703021e+01 1.793298e+00 5.869452e+01 6.926169e+00 -2.035437e+01 3.839988e+00
5.487500e+03 4.012500e+03 1.175000e+03 -2.710150e+00 4.408390e+00 3.505442e-01 3.594813e+00 1.079081e+01 5.096300e-01 -6.726819e+00 3.171903e-01 -8.620003e+00 4.804938e-01 1.185275e+01 5.857680e-01 1.241216e+01 6.926169e+00 -1.100181e+00 3.839988e+00
5.987500e+03 4.012500e+03 1.150000e+03 5.098062e+01 4.408390e+00 -1.541269e+01 3.594813e+00 8.772784e+01 4.025383e+00 -4.969935e+01 2.545098e+00 -6.951812e+01 3.771384e+00 5.219085e+01 2.603700e+00 -3.783754e+01 6.926169e+00 1.786911e+01 3.839988e+00
6.487500e+03 4.012500e+03 1.225000e+03 1.982025e+01 4.408390e+00 -1.317798e+00 3.594813e+00 8.164005e+01 4.003057e+00 -5.626562e+01 2.768296e+00 -6.697702e+01 3.264086e+00 4.214341e+01 2.038254e+00 -1.599086e+01 6.926169e+00 9.003794e+00 3.839988e+00
6.987500e+03 4.012500e+03 1.275000e+03 -1.504579e+00 4.408390e+00 1.470235e+01 3.594813e+00 7.336731e+01 3.541993e+00 -4.336291e+01 2.398318e+00 -6.136568e+01 3.137177e+00 4.267277e+01 2.104984e+00 2.391001e+01 6.926169e+00 -5.575018e+00 3.839988e+00
3.487500e+03 4.512500e+03 1.075000e+03 1.194175e+01 4.408390e+00 1.180828e+00 3.594813e+00 3.283109e+01 1.597835e+00 -2.421694e+01 1.154363e+00 -2.445367e+01 1.260224e+00 2.178760e+01 1.064702e+00 -1.080532e+00 6.926169e+00 -7.602206e+00 3.839988e+00
3.987500e+03 4.512500e+03 1.025000e+03 1.244272e-01 4.408390e+00 -3.612504e+00 3.594813e+00 3.454921e+01 1.726932e+00 -2.969479e+01 1.443876e+00 -6.498920e+01 3.084926e+00 3.257819e+01 1.691148e+00 -4.109378e+00 6.926169e+00 -3.604686e+00 3.839988e+00
4.487500e+03 4.512500e+03 1.100000e+03 4.835458e+00 4.408390e+00 -2.405113e+00 3.594813e+00 1.719242e+01 8.854230e-01 -1.700343e+01 9.208810e-01 -2.817439e+01 1.323359e+00 1.552251e+01 7.773865e-01 -6.599399e+00 6.926169e+00 9.928694e+00 3.839988e+00
4.987500e+03 4.512500e+03 1.175000e+03 -1.611616e+00 4.408390e+00 6.400083e+00 3.594813e+00 9.053429e+00 4.607992e-01 -1.867329e+01 9.431015e-01 -1.155989e+01 5.399985e-01 2.059418e+01 1.041198e+00 2.532965e+00 6.926169e+00 -4.951031e-01 3.839988e+00
5.487500e+03 4.512500e+03 1.275000e+03 1.823811e+00 4.408390e+00 3.985229e+00 3.594813e+00 1.588681e+01 7.194905e-01 -2.442338e+01 1.196181e+00 -3.306946e+00 1.593900e-01 1.299890e+01 6.621415e-01 6.243180e-01 6.926169e+00 -2.355979e+00 3.839988e+00
5.987500e+03 4.512500e+03 1.200000e+03 1.055586e+01 4.408390e+00 -6.293747e+00 3.594813e+00 3.298058e+01 1.479597e+00 -3.237546e+01 1.644744e+00 -2.396509e+01 1.214681e+00 2.963970e+01 1.489230e+00 2.056474e+00 6.926169e+00 5.767570e+00 3.839988e+00
6.487500e+03 4.512500e+03 1.225000e+03 3.307182e+01 4.408390e+00 -1.025646e+01 3.594813e+00 7.917433e+01 4.197935e+00 -5.841293e+01 3.153213e+00 -8.354121e+01 3.796878e+00 3.857383e+01 1.784493e+00 1.188709e+00 6.926169e+00 8.481211e+00 3.839988e+00
6.987500e+03 4.512500e+03 1.350000e+03 -2.449794e-02 4.408390e+00 1.048852e+00 3.594813e+00 6.890517e+01 3.222039e+00 -4.403095e+01 2.320717e+00 -8.305870e+01 3.843768e+00 4.527768e+01 2.298614e+00 1.139479e+01 6.926169e+00 -1.117111e+00 3.839988e+00
3.487500e+03 5.012500e+03 1.050000e+03 1.522682e+01 4.408390e+00 1.395525e+00 3.594813e+00 5.798617e+01 2.523409e+00 -2.465925e+01 1.274589e+00 -4.792984e+01 2.220409e+00 3.266105e+01 1.561772e+00 -5.973488e+00 6.926169e+00 2.641070e+00 3.839988e+00
3.987500e+03 5.012500e+03 1.075000e+03 4.278376e+00 4.408390e+00 -3.885951e+00 3.594813e+00 3.882470e+01 1.847898e+00 -2.033407e+01 1.015620e+00 -4.130955e+01 2.013100e+00 2.382797e+01 1.237222e+00 -1.842278e+00 6.926169e+00 6.361358e+00 3.839988e+00
4.487500e+03 5.012500e+03 1.125000e+03 1.578877e+01 4.408390e+00 -3.521507e+00 3.594813e+00 5.960502e+01 3.156127e+00 -4.648385e+01 2.285987e+00 -7.506527e+01 4.009162e+00 4.989421e+01 2.595154e+00 -1.105392e+01 6.926169e+00 1.008537e+01 3.839988e+00
4.987500e+03 5.012500e+03 1.200000e+03 1.629887e+00 4.408390e+00 -1.396783e-01 3.594813e+00 3.824941e+01 1.910682e+00 -3.112331e+01 1.509737e+00 -1.296053e+01 6.289935e-01 2.208834e+01 1.067968e+00 -6.435149e+00 6.926169e+00 -8.138184e-01 3.839988e+00
5.487500e+03 5.012500e+03 1.200000e+03 -8.696266e+00 4.408390e+00 -1.382048e-01 3.594813e+00 3.563913e+01 1.811331e+00 -3.628784e+01 1.578276e+00 -1.014086e+01 5.357345e-01 2.398237e+01 1.161486e+00 1.518724e+01 6.926169e+00 6.465646e-01 3.839988e+00
5.987500e+03 5.012500e+03 1.300000e+03 -2.708690e+01 4.408390e+00 6.039172e+00 3.594813e+00 3.414474e+01 1.653106e+00 -2.170448e+01 1.131123e+00 -2.251130e+01 1.188775e+00 2.106997e+01 1.145931e+00 1.151081e+01 6.926169e+00 -7.174284e+00 3.839988e+00
6.487500e+03 5.012500e+03 1.200000e+03 -2.977764e+01 4.408390e+00 -3.101360e-01 3.594813e+00 3.017365e+01 1.550135e+00 -1.237206e+01 6.755460e-01 -2.495948e+01 1.204515e+00 7.887056e+00 4.069879e-01 2.050666e+01 6.926169e+00 -1.729235e-01 3.839988e+00
6.987500e+03 5.012500e+03 1.300000e+03 -4.349084e+00 4.408390e+00 -4.661488e+00 3.594813e+00 5.081366e+01 2.716157e+00 -3.504593e+01 1.861231e+00 -8.146692e+01 4.613113e+00 4.934546e+01 2.358209e+00 2.179731e+01 6.926169e+00 7.101767e+00 3.839988e+00
3.487500e+03 5.512500e+03 1.025000e+03 1.239194e+01 4.408390e+00 1.349646e+00 3.594813e+00 9.337506e+01 4.496579e+00 -4.025059e+01 1.978421e+00 -9.351516e+01 4.963621e+00 6.234170e+01 3.206939e+00 -4.205583e+00 6.926169e+00 -3.855327e+00 3.839988e+00
3.987500e+03 5.512500e+03 1.075000e+03 2.736528e+01 4.408390e+00 -1.559136e+01 3.594813e+00 1.098567e+02 5.115455e+00 -4.503961e+01 2.386747e+00 -8.418850e+01 4.071733e+00 4.963205e+01 2.722411e+00 -2.369612e+01 6.926169e+00 1.540085e+01 3.839988e+00
4.487500e+03 5.512500e+03 1.150000e+03 1.001427e+01 4.408390e+00 -3.085763e+00 3.594813e+00 1.019906e+02 5.094210e+00 -4.794480e+01 2.625043e+00 -8.055753e+01 3.961981e+00 6.261615e+01 3.072652e+00 8.366806e+00 6.926169e+00 5.691423e+00 3.839988e+00
4.987500e+03 5.512500e+03 1.200000e+03 -1.059696e+00 4.408390e+00 -7.972856e+00 3.594813e+00 5.608605e+01 2.838877e+00 -2.791470e+01 1.406181e+00 -4.201854e+01 2.110667e+00 4.141118e+01 2.130961e+00 -4.262365e-01 6.926169e+00 3.796886e+00 3.839988e+00
5.487500e+03 5.512500e+03 1.200000e+03 -1.242442e+01 4.408390e+00 -1.468504e+01 3.594813e+00 1.102934e+02 5.657440e+00 -5.273769e+01 2.773699e+00 -4.571131e+01 2.230186e+00 5.042808e+01 2.395667e+00 -1.042138e+01 6.926169e+00 5.582478e+00 3.839988e+00
5.987500e+03 5.512500e+03 1.200000e+03 -3.468496e+01 4.408390e+00 -1.205068e+01 3.594813e+00 1.230431e+02 6.136870e+00 -6.317171e+01 3.019704e+00 -6.226288e+01 3.148027e+00 5.571517e+01 2.829503e+00 3.770623e-01 6.926169e+00 3.573521e+00 3.839988e+00
6.487500e+03 5.512500e+03 1.325000e+03 -3.025716e+01 4.408390e+00 1.048180e+01 3.594813e+00 5.505255e+01 2.639341e+00 -2.670491e+01 1.296102e+00 -5.532908e+01 2.827793e+00 3.907799e+01 1.893981e+00 2.922573e+01 6.926169e+00 -4.608682e+00 3.839988e+00
6.987500e+03 5.512500e+03 1.225000e+03 -3.006336e+01 4.408390e+00 -2.028314e+01 3.594813e+00 1.387167e+02 7.539505e+00 -7.977103e+01 4.006385e+00 -1.082840e+02 5.414505e+00 5.498558e+01 2.832251e+00 2.880916e+01 6.926169e+00 1.343886e+01 3.839988e+00


DATATYPE MTZ
FREQUENCY 25.1
N_RECV 56
3.487500e+03 2.512500e+03 1.150000e+03 1.666001e-01 5.557557e+00 -4.591436e+00 5.992398e+00 3.759457e+01 1.743452e+00 -3.603652e+01 1.795358e+00 -3.061952e+01 1.592157e+00 3.655946e+01 1.741803e+00 -3.303321e+00 9.258747e+00 6.415135e+00 5.612209e+00
3.987500e+03 2.512500e+03 1.100000e+03 -1.695944e+00 5.557557e+00 7.644485e+00 5.992398e+00 4.057343e+01 2.127521e+00 -3.642053e+01 1.828118e+00 -4.066438e+01 1.937407e+00 3.945768e+01 1.888613e+00 -1.391759e+01 9.258747e+00 1.057740e+01 5.612209e+00
4.487500e+03 2.512500e+03 1.100000e+03 2.874067e+00 5.557557e+00 -2.036823e+00 5.992398e+00 5.394959e+01 2.573876e+00 -4.286131e+01 2.031855e+00 -3.036056e+01 1.542576e+00 2.730290e+01 1.479661e+00 -9.376489e+00 9.258747e+00 -6.973917e-01 5.612209e+00
4.987500e+03 2.512500e+03 1.050000e+03 -5.716529e-01 5.557557e+00 4.668078e+00 5.992398e+00 5.354742e+01 2.726758e+00 -3.712222e+01 1.850907e+00 -5.776137e+01 2.809736e+00 4.066871e+01 2.055878e+00 -7.329257e-01 9.258747e+00 -1.474965e+01 5.612209e+00
5.487500e+03 2.512500e+03 1.100000e+03 2.074038e+00 5.557557e+00 -8.162184e+00 5.992398e+00 5.838951e+01 2.853055e+00 -4.385692e+01 2.054299e+00 -6.225040e+01 2.860818e+00 3.992268e+01 2.031550e+00 -2.128746e+01 9.258747e+00 -2.592481e+00 5.612209e+00
5.987500e+03 2.512500e+03 1.125000e+03 3.404196e+00 5.557557e+00 -7.607883e+00 5.992398e+00 5.160442e+01 2.774788e+00 -3.527797e+01 1.826087e+00 -5.813026e+01 3.044138e+00 4.150813e+01 2.072726e+00 -2.353092e+00 9.258747e+00 -4.838176e+00 5.612209e+00
6.487500e+03 2.512500e+03 1.150000e+03 3.680713e-01 5.557557e+00 1.041971e+01 5.992398e+00 5.014636e+01 2.536488e+00 -3.358789e+01 1.665388e+00 -5.833694e+01 3.061855e+00 3.805617e+01 1.966525e+00 -7.256718e+00 9.258747e+00 -1.246094e+01 5.612209e+00
6.987500e+03 2.512500e+03 1.150000e+03 -1.727562e+00 5.557557e+00 5.063621e+00 5.992398e+00 6.054755e+01 2.983366e+00 -3.659225e+01 1.864080e+00 -8.213836e+01 4.019852e+00 5.138206e+01 2.400670e+00 1.365546e+01 9.258747e+00 -8.976122e+00 5.612209e+00
3.487500e+03 3.012500e+03 1.125000e+03 9.728510e+00 5.557557e+00 -3.115408e+00 5.992398e+00 4.022015e+01 1.901393e+00 -3.638716e+01 1.897146e+00 -3.843765e+01 1.938881e+00 4.243695e+01 2.053244e+00 4.979936e+00 9.258747e+00 1.079819e+01 5.612209e+00
3.987500e+03 3.012500e+03 1.125000e+03 4.162766e+00 5.557557e+00 3.593404e+00 5.992398e+00 3.601810e+01 1.844889e+00 -3.445953e+01 1.774629e+00 -3.848896e+01 1.983154e+00 4.137310e+01 2.048211e+00 -2.784633e+00 9.258747e+00 -3.219842e+00 5.612209e+00
4.487500e+03 3.012500e+03 1.100000e+03 -5.445148e+00 5.557557e+00 1.230282e+01 5.992398e+00 4.241532e+01 1.934776e+00 -3.011964e+01 1.581687e+00 -3.299821e+01 1.613516e+00 3.448419e+01 1.643313e+00 7.440708e+00 9.258747e+00 1.813541e-01 5.612209e+00
4.987500e+03 3.012500e+03 1.075000e+03 -1.582521e-01 5.557557e+00 5.935157e+00 5.992398e+00 6.544625e+01 3.229844e+00 -3.912721e+01 1.977098e+00 -5.932131e+01 2.908283e+00 4.776744e+01 2.280066e+00 -1.428029e+01 9.258747e+00 -9.250334e-01 5.612209e+00
5.487500e+03 3.012500e+03 1.100000e+03 9.569497e+00 5.557557e+00 7.065244e+00 5.992398e+00 9.551732e+01 4.378193e+00 -5.281633e+01 2.543389e+00 -6.469569e+01 3.565176e+00 6.056021e+01 2.881982e+00 -7.278088e+00 9.258747e+00 1.316683e+01 5.612209e+00
5.987500e+03 3.012500e+03 1.125000e+03 2.516519e+01 5.557557e+00 -4.091079e+00 5.992398e+00 8.343111e+01 4.052302e+00 -4.015867e+01 1.975928e+00 -6.465145e+01 3.092288e+00 4.621749e+01 2.280066e+00 -1.972970e+01 9.258747e+00 7.936741e+00 5.612209e+00
6.487500e+03 3.012500e+03 1.175000e+03 -4.928453e+01 5.557557e+00 5.016013e+01 5.992398e+00 2.166578e+02 1.006119e+01 -1.312313e+02 6.227700e+00 -1.196702e+02 5.862050e+00 1.096129e+02 5.611335e+00 8.863519e+01 9.258747e+00 -5.882256e+01 5.612209e+00
6.987500e+03 3.012500e+03 1.175000e+03 -1.343291e+01 5.557557e+00 2.279504e+01 5.992398e+00 1.470568e+02 7.953710e+00 -1.113889e+02 5.359875e+00 -1.436649e+02 7.075890e+00 1.324166e+02 6.048935e+00 -1.634221e+01 9.258747e+00 -9.559300e+00 5.612209e+00
3.487500e+03 3.512500e+03 1.125000e+03 1.587992e+00 5.557557e+00 -6.990531e+00 5.992398e+00 3.585500e+01 1.870225e+00 -3.980257e+01 2.084963e+00 -3.453522e+01 1.635088e+00 4.191344e+01 1.989673e+00 9.928349e+00 9.258747e+00 -5.552633e+00 5.612209e+00
3.987500e+03 3.512500e+03 1.125000e+03 3.994886e-02 5.557557e+00 6.671893e-01 5.992398e+00 2.604302e+01 1.300961e+00 -2.887751e+01 1.418179e+00 -2.135561e+01 9.735330e-01 2.400099e+01 1.180534e+00 -3.103289e+00 9.258747e+00 4.795742e+00 5.612209e+00
4.487500e+03 3.512500e+03 1.050000e+03 -6.088820e+00 5.557557e+00 -2.228310e+00 5.992398e+00 5.625389e+01 2.772443e+00 -3.943069e+01 1.931622e+00 -5.961817e+01 2.928905e+00 4.775471e+01 2.458589e+00 -1.991069e+01 9.258747e+00 -1.431292e+00 5.612209e+00
4.987500e+03 3.512500e+03 1.075000e+03 2.447881e+00 5.557557e+00 -1.937108e+00 5.992398e+00 1.168441e+02 6.238040e+00 -6.146023e+01 3.439408e+00 -4.665920e+01 2.297235e+00 4.528579e+01 2.169423e+00 -1.240397e+01 9.258747e+00 1.328542e+01 5.612209e+00
5.487500e+03 3.512500e+03 1.150000e+03 -4.841150e+00 5.557557e+00 3.812998e+01 5.992398e+00 3.039850e+02 1.526234e+01 -1.803167e+02 8.764440e+00 -2.245560e+01 1.182003e+00 3.154453e+01 1.669203e+00 3.687981e+01 9.258747e+00 -2.191623e+01 5.612209e+00
5.987500e+03 3.512500e+03 1.150000e+03 9.462959e+00 5.557557e+00 2.213644e+01 5.992398e+00 1.350982e+02 7.316245e+00 -1.000336e+02 4.709887e+00 -8.172423e+01 3.965480e+00 8.816662e+01 4.219454e+00 2.752637e+00 9.258747e+00 -1.589846e+01 5.612209e+00
6.487500e+03 3.512500e+03 1.200000e+03 1.737915e+01 5.557557e+00 5.241869e+00 5.992398e+00 1.324044e+02 6.798300e+00 -9.868178e+01 4.802251e+00 -7.619543e+01 3.860686e+00 7.266968e+01 3.719570e+00 -9.020681e+00 9.258747e+00 5.163027e+00 5.612209e+00
6.987500e+03 3.512500e+03 1.200000e+03 5.440245e+00 5.557557e+00 1.563810e+01 5.992398e+00 1.352900e+02 6.855140e+00 -9.840504e+01 4.850233e+00 -1.179447e+02 5.826415e+00 1.063418e+02 4.882150e+00 1.252027e+01 9.258747e+00 -6.114642e+00 5.612209e+00
3.487500e+03 4.012500e+03 1.125000e+03 6.360900e+00 5.557557e+00 -1.130226e+01 5.992398e+00 2.756412e+01 1.409461e+00 -3.242966e+01 1.674854e+00 -2.886223e+01 1.462662e+00 3.827785e+01 1.867439e+00 -3.546527e+00 9.258747e+00 1.838146e+01 5.612209e+00
3.987500e+03 4.012500e+03 1.050000e+03 -6.714106e+00 5.557557e+00 4.869674e+00 5.992398e+00 5.086699e+01 2.398904e+00 -5.559964e+01 2.664608e+00 -4.957362e+01 2.281357e+00 4.460815e+01 2.392638e+00 -1.038671e+00 9.258747e+00 -8.987392e+00 5.612209e+00
4.487500e+03 4.012500e+03 1.050000e+03 -3.528308e+01 5.557557e+00 -7.631263e+00 5.992398e+00 6.471208e+01 3.210904e+00 -5.243266e+01 2.654878e+00 -7.116711e+01 3.659550e+00 5.067988e+01 2.451859e+00 1.733405e+01 9.258747e+00 -1.871489e+00 5.612209e+00
4.987500e+03 4.012500e+03 1.125000e+03 -3.323082e+01 5.557557e+00 -8.800135e-01 5.992398e+00 7.059742e+01 3.159914e+00 -3.893395e+01 2.146041e+00 -6.335145e+01 3.258226e+00 6.812060e+01 3.419478e+00 5.836600e+01 9.258747e+00 -2.579230e+01 5.612209e+00
5.487500e+03 4.012500e+03 1.175000e+03 -9.456486e+00 5.557557e+00 3.252143e+00 5.992398e+00 1.231523e+01 6.610365e-01 -1.011604e+01 5.073025e-01 -1.489336e+01 7.553160e-01 2.411398e+01 1.191078e+00 1.457346e+01 9.258747e+00 -9.387685e+00 5.612209e+00
5.987500e+03 4.012500e+03 1.150000e+03 4.229120e+01 5.557557e+00 -1.071358e+01 5.992398e+00 1.092257e+02 5.358865e+00 -6.577172e+01 3.561817e+00 -9.182101e+01 4.894013e+00 8.902193e+01 4.612771e+00 -3.665962e+01 9.258747e+00 2.745981e+00 5.612209e+00
6.487500e+03 4.012500e+03 1.225000e+03 2.445543e+01 5.557557e+00 7.920458e+00 5.992398e+00 1.122063e+02 5.456525e+00 -8.773254e+01 4.120604e+00 -8.376776e+01 4.130255e+00 6.868114e+01 3.385671e+00 1.976778e+00 9.258747e+00 8.605557e+00 5.612209e+00
6.987500e+03 4.012500e+03 1.275000e+03 -1.228385e+01 5.557557e+00 2.855369e+01 5.992398e+00 9.858556e+01 4.760950e+00 -7.227289e+01 3.705032e+00 -7.182454e+01 4.102249e+00 6.696600e+01 3.491512e+00 2.004649e+01 9.258747e+00 -2.039317e+01 5.612209e+00
3.487500e+03 4.512500e+03 1.075000e+03 1.397442e+01 5.557557e+00 1.000830e+01 5.992398e+00 4.747089e+01 2.228625e+00 -4.685613e+01 2.250721e+00 -3.237683e+01 1.815673e+00 4.238949e+01 1.978131e+00 -7.883061e+00 9.258747e+00 7.726129e+00 5.612209e+00
3.987500e+03 4.512500e+03 1.025000e+03 5.414363e+00 5.557557e+00 -6.731141e+00 5.992398e+00 4.748176e+01 2.376429e+00 -5.871051e+01 2.902208e+00 -7.114710e+01 3.822502e+00 5.562004e+01 2.824805e+00 2.177213e-01 9.258747e+00 -9.574589e+00 5.612209e+00
4.487500e+03 4.512500e+03 1.100000e+03 4.280791e+00 5.557557e+00 -2.450023e+00 5.992398e+00 2.508387e+01 1.238165e+00 -3.691028e+01 1.815308e+00 -3.162724e+01 1.583431e+00 2.670172e+01 1.358796e+00 4.401224e+00 9.258747e+00 1.144235e+01 5.612209e+00
4.987500e+03 4.512500e+03 1.175000e+03 8.068408e-01 5.557557e+00 -1.626466e+01 5.992398e+00 1.407567e+01 6.701970e-01 -4.118295e+01 2.102550e+00 -1.381341e+01 7.585220e-01 4.756937e+01 2.309120e+00 2.109148e+01 9.258747e+00 -1.235469e+01 5.612209e+00
5.487500e+03 4.512500e+03 1.275000e+03 -4.814588e+00 5.557557e+00 1.063193e+01 5.992398e+00 2.197242e+01 1.047321e+00 -5.269861e+01 2.523758e+00 -5.742738e+00 2.840899e-01 3.097466e+01 1.552306e+00 2.113064e+01 9.258747e+00 -8.436527e+00 5.612209e+00
5.987500e+03 4.512500e+03 1.200000e+03 1.691698e+01 5.557557e+00 -2.981544e+00 5.992398e+00 4.299898e+01 2.083026e+00 -6.292367e+01 3.036506e+00 -2.881308e+01 1.619244e+00 5.878480e+01 3.123060e+00 2.629915e+01 9.258747e+00 7.296353e+00 5.612209e+00
6.487500e+03 4.512500e+03 1.225000e+03 3.860051e+01 5.557557e+00 -4.778498e+00 5.992398e+00 1.102604e+02 5.838685e+00 -1.016897e+02 4.876644e+00 -8.135971e+01 4.513546e+00 5.722996e+01 2.668808e+00 -3.569641e+00 9.258747e+00 5.499469e+00 5.612209e+00
6.987500e+03 4.512500e+03 1.350000e+03 -3.618804e-01 5.557557e+00 4.776407e+00 5.992398e+00 8.443343e+01 4.332429e+00 -6.874886e+01 3.761449e+00 -8.974767e+01 4.808856e+00 7.222367e+01 3.702955e+00 4.455378e+00 9.258747e+00 -3.583826e+00 5.612209e+00
3.487500e+03 5.012500e+03 1.050000e+03 1.411207e+01 5.557557e+00 5.297978e+00 5.992398e+00 6.069123e+01 3.114211e+00 -4.648064e+01 2.367814e+00 -6.533539e+01 3.145800e+00 5.357840e+01 2.510387e+00 -1.163234e+01 9.258747e+00 -1.145511e+01 5.612209e+00
3.987500e+03 5.012500e+03 1.075000e+03 3.516020e+00 5.557557e+00 1.959558e+00 5.992398e+00 4.546381e+01 2.276596e+00 -3.660674e+01 1.877954e+00 -5.265407e+01 2.621177e+00 4.141802e+01 2.003384e+00 1.973525e+01 9.258747e+00 7.750185e+00 5.612209e+00
4.487500e+03 5.012500e+03 1.125000e+03 2.738393e+01 5.557557e+00 1.135293e+01 5.992398e+00 7.625197e+01 4.107832e+00 -9.066746e+01 4.190968e+00 -1.043052e+02 5.118570e+00 8.870610e+01 4.350262e+00 -2.923483e+01 9.258747e+00 1.029854e+01 5.612209e+00
4.987500e+03 5.012500e+03 1.200000e+03 8.872009e+00 5.557557e+00 -1.059497e+00 5.992398e+00 4.706073e+01 2.513377e+00 -5.103807e+01 2.783565e+00 -1.911979e+01 9.275635e-01 4.625544e+01 2.274215e+00 2.308717e+00 9.258747e+00 -4.953851e+00 5.612209e+00
5.487500e+03 5.012500e+03 1.200000e+03 5.389943e+00 5.557557e+00 -1.468722e+01 5.992398e+00 4.587016e+01 2.395126e+00 -5.817872e+01 3.001641e+00 -1.705880e+01 8.177350e-01 5.092144e+01 2.575503e+00 1.768711e+01 9.258747e+00 7.607108e+00 5.612209e+00
5.987500e+03 5.012500e+03 1.300000e+03 -1.829586e+01 5.557557e+00 1.023835e+01 5.992398e+00 3.953864e+01 2.063396e+00 -4.135128e+01 2.114097e+00 -3.008972e+01 1.486802e+00 4.734271e+01 2.333907e+00 2.056693e+01 9.258747e+00 -9.670901e+00 5.612209e+00
6.487500e+03 5.012500e+03 1.200000e+03 -2.842933e+01 5.557557e+00 -6.647711e+00 5.992398e+00 3.760897e+01 1.899100e+00 -2.192973e+01 1.137259e+00 -2.370973e+01 1.346560e+00 1.097784e+01 5.718245e-01 6.372607e+00 9.258747e+00 3.418877e+00 5.612209e+00
6.987500e+03 5.012500e+03 1.300000e+03 1.129603e+00 5.557557e+00 1.162573e+01 5.992398e+00 6.454571e+01 3.593101e+00 -5.513532e+01 3.049597e+00 -1.157996e+02 5.662815e+00 7.189850e+01 3.483930e+00 1.590037e+01 9.258747e+00 8.930085e+00 5.612209e+00
3.487500e+03 5.512500e+03 1.025000e+03 6.289636e-01 5.557557e+00 1.260343e+00 5.992398e+00 1.119316e+02 5.460245e+00 -7.049566e+01 3.295065e+00 -1.421372e+02 6.974825e+00 8.653424e+01 4.640826e+00 3.425055e+00 9.258747e+00 -5.587984e+00 5.612209e+00
3.987500e+03 5.512500e+03 1.075000e+03 5.713385e+01 5.557557e+00 -1.570210e+01 5.992398e+00 1.145896e+02 6.302495e+00 -8.107572e+01 3.829064e+00 -1.151253e+02 5.689820e+00 8.021049e+01 4.044257e+00 -3.135350e+01 9.258747e+00 1.555213e+01 5.612209e+00
4.487500e+03 5.512500e+03 1.150000e+03 1.868954e+01 5.557557e+00 -9.782411e+00 5.992398e+00 1.322147e+02 6.464645e+00 -8.413003e+01 4.128619e+00 -1.102666e+02 5.557995e+00 9.890686e+01 5.127225e+00 1.120801e+01 9.258747e+00 -9.310293e+00 5.612209e+00
4.987500e+03 5.512500e+03 1.200000e+03 1.294771e+01 5.557557e+00 1.987364e+00 5.992398e+00 7.361702e+01 3.616986e+00 -4.497967e+01 2.082797e+00 -6.745321e+01 3.142351e+00 7.741383e+01 3.860094e+00 -2.480143e+01 9.258747e+00 2.769790e+00 5.612209e+00
5.487500e+03 5.512500e+03 1.200000e+03 4.779749e+00 5.557557e+00 -1.390302e+01 5.992398e+00 1.384615e+02 7.194820e+00 -8.241138e+01 4.085468e+00 -7.253665e+01 3.387235e+00 9.079817e+01 4.427705e+00 -4.421870e+00 9.258747e+00 5.506268e+00 5.612209e+00
5.987500e+03 5.512500e+03 1.200000e+03 -3.012637e+01 5.557557e+00 -1.568002e+01 5.992398e+00 1.659791e+02 7.746610e+00 -8.331557e+01 4.523707e+00 -9.482770e+01 4.583025e+00 1.125537e+02 4.920722e+00 -1.446936e+01 9.258747e+00 1.218304e+01 5.612209e+00
6.487500e+03 5.512500e+03 1.325000e+03 -2.888393e+01 5.557557e+00 -5.501396e+00 5.992398e+00 6.761688e+01 3.246385e+00 -3.706124e+01 2.059818e+00 -7.585805e+01 3.615504e+00 6.710470e+01 3.190048e+00 1.843578e+01 9.258747e+00 -9.164657e+00 5.612209e+00
6.987500e+03 5.512500e+03 1.225000e+03 -7.906140e+00 5.557557e+00 -4.601506e+01 5.992398e+00 1.952800e+02 9.728215e+00 -1.157690e+02 5.863855e+00 -1.413701e+02 6.801330e+00 7.175780e+01 4.005109e+00 3.935546e+00 9.258747e+00 2.120283e+01 5.612209e+00


DATATYPE MTZ
FREQUENCY 63.1
N_RECV 56
3.487500e+03 2.512500e+03 1.150000e+03 6.545226e+00 9.881348e+00 3.343893e+00 8.180742e+00 5.586973e+01 2.823426e+00 -5.702867e+01 3.004763e+00 -4.930456e+01 2.572315e+00 5.523053e+01 2.842262e+00 1.782006e+00 1.324168e+01 -5.836267e+00 8.112276e+00
3.987500e+03 2.512500e+03 1.100000e+03 -1.254145e+01 9.881348e+00 -1.261465e+01 8.180742e+00 6.644545e+01 3.284362e+00 -6.741639e+01 3.129539e+00 -6.270575e+01 3.039293e+00 6.249509e+01 2.964423e+00 6.775997e+00 1.324168e+01 1.364463e+01 8.112276e+00
4.487500e+03 2.512500e+03 1.100000e+03 2.195611e+00 9.881348e+00 -6.401697e+00 8.180742e+00 7.141333e+01 3.738009e+00 -7.123530e+01 3.748716e+00 -4.587953e+01 2.381717e+00 5.062009e+01 2.442787e+00 1.748125e+01 1.324168e+01 -2.002784e+00 8.112276e+00
4.987500e+03 2.512500e+03 1.050000e+03 1.732609e+00 9.881348e+00 -1.345736e+00 8.180742e+00 7.329484e+01 3.802372e+00 -6.673255e+01 3.256362e+00 -7.577930e+01 4.057946e+00 6.315155e+01 3.144271e+00 8.967749e+00 1.324168e+01 -1.627221e+01 8.112276e+00
5.487500e+03 2.512500e+03 1.100000e+03 2.390518e+00 9.881348e+00 -1.395515e+01 8.180742e+00 8.012461e+01 3.979158e+00 -6.657986e+01 3.624719e+00 -8.102822e+01 4.106067e+00 6.157752e+01 3.073789e+00 -3.316827e+01 1.324168e+01 1.482796e+00 8.112276e+00
5.987500e+03 2.512500e+03 1.125000e+03 5.114713e+00 9.881348e+00 -3.590410e+00 8.180742e+00 7.900760e+01 3.719958e+00 -6.171002e+01 3.032009e+00 -8.606670e+01 4.283116e+00 5.899298e+01 3.068128e+00 -2.252373e+01 1.324168e+01 -1.921873e+00 8.112276e+00
6.487500e+03 2.512500e+03 1.150000e+03 3.005456e+00 9.881348e+00 -2.610839e+00 8.180742e+00 7.026064e+01 3.381052e+00 -4.929455e+01 2.683215e+00 -9.779665e+01 4.279550e+00 5.899752e+01 2.778709e+00 -1.903418e+01 1.324168e+01 -4.092159e+00 8.112276e+00
6.987500e+03 2.512500e+03 1.150000e+03 -1.160219e+00 9.881348e+00 -8.185620e-01 8.180742e+00 8.038270e+01 3.996788e+00 -5.883489e+01 2.819180e+00 -1.072166e+02 5.594620e+00 6.084689e+01 3.230539e+00 -4.755595e+00 1.324168e+01 -1.333982e+01 8.112276e+00
3.487500e+03 3.012500e+03 1.125000e+03 -6.938262e+00 9.881348e+00 9.361986e-01 8.180742e+00 5.814615e+01 3.088071e+00 -6.205481e+01 3.014591e+00 -6.673368e+01 3.208082e+00 6.419783e+01 3.134979e+00 -1.417231e+00 1.324168e+01 1.844544e+01 8.112276e+00
3.987500e+03 3.012500e+03 1.125000e+03 5.481242e+00 9.881348e+00 1.765366e+00 8.180742e+00 5.606881e+01 2.944797e+00 -5.983144e+01 3.003304e+00 -5.730600e+01 3.251087e+00 6.816804e+01 3.136927e+00 1.483286e+01 1.324168e+01 8.382894e+00 8.112276e+00
4.487500e+03 3.012500e+03 1.100000e+03 -3.749500e+00 9.881348e+00 1.551524e+00 8.180742e+00 5.846292e+01 2.844275e+00 -5.615149e+01 2.802311e+00 -5.210341e+01 2.636230e+00 5.342056e+01 2.636786e+00 -2.460758e+01 1.324168e+01 -2.451578e+00 8.112276e+00
4.987500e+03 3.012500e+03 1.075000e+03 5.831486e-01 9.881348e+00 1.805906e+00 8.180742e+00 8.286681e+01 4.401595e+00 -6.172043e+01 3.269117e+00 -9.251569e+01 4.508167e+00 7.191461e+01 3.576393e+00 7.058747e+00 1.324168e+01 7.829066e+00 8.112276e+00
5.487500e+03 3.012500e+03 1.100000e+03 -1.008083e+01 9.881348e+00 -3.001591e+00 8.180742e+00 1.117102e+02 5.714430e+00 -8.122887e+01 4.097359e+00 -9.838323e+01 5.496410e+00 9.519198e+01 4.656164e+00 -3.083113e+01 1.324168e+01 -6.335173e-01 8.112276e+00
5.987500e+03 3.012500e+03 1.125000e+03 4.118830e+01 9.881348e+00 -2.120772e+01 8.180742e+00 1.063084e+02 5.214760e+00 -5.718987e+01 2.759578e+00 -9.535913e+01 4.777196e+00 6.416502e+01 3.481476e+00 -3.892643e+01 1.324168e+01 1.338790e+01 8.112276e+00
6.487500e+03 3.012500e+03 1.175000e+03 -8.498578e+01 9.881348e+00 9.226654e+01 8.180742e+00 2.589747e+02 1.359466e+01 -1.960983e+02 9.514255e+00 -1.799886e+02 9.280385e+00 1.916727e+02 9.085205e+00 1.154609e+02 1.324168e+01 -7.441472e+01 8.112276e+00
6.987500e+03 3.012500e+03 1.175000e+03 -2.555801e+01 9.881348e+00 1.610377e+01 8.180742e+00 2.167268e+02 1.076060e+01 -1.923950e+02 8.473005e+00 -1.930206e+02 1.043032e+01 2.183930e+02 1.012287e+01 1.765237e+01 1.324168e+01 -1.217439e+01 8.112276e+00
3.487500e+03 3.512500e+03 1.125000e+03 2.487251e+00 9.881348e+00 2.013716e+01 8.180742e+00 6.660372e+01 3.301433e+00 -6.547663e+01 3.253473e+00 -5.861673e+01 3.024529e+00 7.181436e+01 3.157089e+00 -1.291660e+01 1.324168e+01 4.037116e+00 8.112276e+00
3.987500e+03 3.512500e+03 1.125000e+03 -4.316866e+00 9.881348e+00 7.382704e-01 8.180742e+00 3.975794e+01 2.182828e+00 -5.114321e+01 2.402771e+00 -3.561425e+01 1.746313e+00 4.132210e+01 1.932400e+00 -5.908236e+00 1.324168e+01 -7.312922e+00 8.112276e+00
4.487500e+03 3.512500e+03 1.050000e+03 -1.294367e+00 9.881348e+00 -6.807146e+00 8.180742e+00 8.593403e+01 3.981871e+00 -6.195794e+01 3.177801e+00 -9.761449e+01 4.732281e+00 8.614414e+01 3.861680e+00 1.169868e+01 1.324168e+01 -1.086742e+01 8.112276e+00
4.987500e+03 3.512500e+03 1.075000e+03 5.653829e+00 9.881348e+00 -2.428619e+00 8.180742e+00 1.773483e+02 8.352390e+00 -1.060555e+02 5.389630e+00 -7.706743e+01 3.765520e+00 6.974889e+01 3.791613e+00 -2.202056e+01 1.324168e+01 1.108083e+01 8.112276e+00
5.487500e+03 3.512500e+03 1.150000e+03 -1.335741e+01 9.881348e+00 6.417860e+01 8.180742e+00 3.951286e+02 1.990389e+01 -2.949726e+02 1.408936e+01 -4.056546e+01 2.068017e+00 6.779286e+01 3.113025e+00 3.958522e+01 1.324168e+01 -4.680199e+01 8.112276e+00
5.987500e+03 3.512500e+03 1.150000e+03 -1.832078e+01 9.881348e+00 2.848188e+01 8.180742e+00 1.727529e+02 9.573185e+00 -1.516068e+02 7.801270e+00 -1.225599e+02 6.362210e+00 1.426439e+02 7.750690e+00 1.237690e+01 1.324168e+01 -2.996808e+01 8.112276e+00
6.487500e+03 3.512500e+03 1.200000e+03 1.981233e+01 9.881348e+00 1.884256e+00 8.180742e+00 1.851324e+02 9.106175e+00 -1.697080e+02 7.992055e+00 -1.139793e+02 5.860140e+00 1.360178e+02 6.799400e+00 2.674996e+01 1.324168e+01 -1.603907e+01 8.112276e+00
6.987500e+03 3.512500e+03 1.200000e+03 8.845613e-01 9.881348e+00 6.647780e+00 8.180742e+00 1.916883e+02 9.286080e+00 -1.606267e+02 7.900425e+00 -1.696290e+02 8.536590e+00 1.781481e+02 8.412950e+00 2.370088e+01 1.324168e+01 -2.832317e+00 8.112276e+00
3.487500e+03 4.012500e+03 1.125000e+03 1.876389e+01 9.881348e+00 -3.979467e+00 8.180742e+00 5.694197e+01 2.605321e+00 -5.550052e+01 2.722145e+00 -5.848205e+01 2.808201e+00 6.529620e+01 3.213877e+00 -2.213661e+01 1.324168e+01 4.815548e+00 8.112276e+00
3.987500e+03 4.012500e+03 1.050000e+03 -9.244233e+00 9.881348e+00 1.392045e+01 8.180742e+00 8.556522e+01 4.337851e+00 -9.407623e+01 4.501876e+00 -7.653624e+01 4.001238e+00 8.297507e+01 4.253996e+00 -2.219988e+00 1.324168e+01 -6.268697e+00 8.112276e+00
4.487500e+03 4.012500e+03 1.050000e+03 -3.148438e+01 9.881348e+00 1.704351e+01 8.180742e+00 1.072478e+02 4.787325e+00 -9.211124e+01 4.846019e+00 -1.035770e+02 4.972454e+00 9.968568e+01 4.794801e+00 2.691279e+01 1.324168e+01 -1.034483e+01 8.112276e+00
4.987500e+03 4.012500e+03 1.125000e+03 -1.730824e+01 9.881348e+00 1.398413e+01 8.180742e+00 7.807958e+01 4.136642e+00 -7.468317e+01 3.864888e+00 -9.951085e+01 4.669354e+00 1.526381e+02 7.444385e+00 1.068209e+02 1.324168e+01 -5.186980e+01 8.112276e+00
5.487500e+03 4.012500e+03 1.175000e+03 -5.411533e+00 9.881348e+00 2.438450e+01 8.180742e+00 1.911037e+01 9.073655e-01 -1.865564e+01 9.166475e-01 -3.320588e+01 1.587419e+00 4.742205e+01 2.233785e+00 2.276374e+01 1.324168e+01 -6.385256e+00 8.112276e+00
5.987500e+03 4.012500e+03 1.150000e+03 7.763794e+01 9.881348e+00 -3.539229e+01 8.180742e+00 1.454171e+02 6.887145e+00 -1.199928e+02 5.861640e+00 -1.622548e+02 7.630430e+00 1.883388e+02 8.622270e+00 -2.124007e+01 1.324168e+01 2.536045e+01 8.112276e+00
6.487500e+03 4.012500e+03 1.225000e+03 2.575045e+01 9.881348e+00 -1.307869e+00 8.180742e+00 1.451024e+02 7.473845e+00 -1.440129e+02 6.908450e+00 -1.322639e+02 5.901100e+00 1.240098e+02 6.290865e+00 -1.660880e+01 1.324168e+01 -1.183109e+01 8.112276e+00
6.987500e+03 4.012500e+03 1.275000e+03 -1.479481e+01 9.881348e+00 4.067636e+01 8.180742e+00 1.372021e+02 6.615805e+00 -1.202154e+02 6.339905e+00 -1.303051e+02 5.947535e+00 1.228018e+02 6.287250e+00 1.508873e+01 1.324168e+01 -3.249033e+01 8.112276e+00
3.487500e+03 4.512500e+03 1.075000e+03 2.840223e+01 9.881348e+00 1.437955e+01 8.180742e+00 7.306447e+01 3.901922e+00 -7.399178e+01 3.805635e+00 -6.465648e+01 3.161746e+00 7.355580e+01 3.434228e+00 7.657384e+00 1.324168e+01 -1.256335e+01 8.112276e+00
3.987500e+03 4.512500e+03 1.025000e+03 -1.842473e+01 9.881348e+00 2.664006e+00 8.180742e+00 8.908091e+01 4.315751e+00 -1.067828e+02 5.491005e+00 -1.084955e+02 5.455675e+00 1.112448e+02 5.192510e+00 -1.048054e+01 1.324168e+01 -4.678651e+00 8.112276e+00
4.487500e+03 4.512500e+03 1.100000e+03 1.424510e+01 9.881348e+00 -2.781150e+00 8.180742e+00 4.130015e+01 2.171517e+00 -7.250840e+01 3.721184e+00 -4.274667e+01 2.149048e+00 5.725474e+01 2.819915e+00 -5.000726e+00 1.324168e+01 6.524037e+00 8.112276e+00
4.987500e+03 4.512500e+03 1.175000e+03 -3.552345e-01 9.881348e+00 6.713431e+00 8.180742e+00 2.669989e+01 1.258905e+00 -9.334333e+01 4.826050e+00 -3.239084e+01 1.417389e+00 1.098904e+02 5.345010e+00 9.111576e+00 1.324168e+01 -1.170301e+01 8.112276e+00
5.487500e+03 4.512500e+03 1.275000e+03 -9.706732e+00 9.881348e+00 1.087889e+01 8.180742e+00 3.208424e+01 1.847400e+00 -1.090224e+02 5.645410e+00 -1.463232e+01 7.339005e-01 7.483091e+01 3.640060e+00 1.736328e+01 1.324168e+01 -2.985570e+01 8.112276e+00
5.987500e+03 4.512500e+03 1.200000e+03 3.087837e+01 9.881348e+00 -2.973737e+01 8.180742e+00 5.800532e+01 3.064957e+00 -1.301419e+02 6.276175e+00 -5.807548e+01 2.745998e+00 1.479156e+02 6.909380e+00 -7.045966e-01 1.324168e+01 1.633500e+01 8.112276e+00
6.487500e+03 4.512500e+03 1.225000e+03 2.614574e+01 9.881348e+00 1.913050e-01 8.180742e+00 1.674702e+02 8.285235e+00 -1.586223e+02 8.326395e+00 -1.198782e+02 5.750145e+00 9.433717e+01 4.935975e+00 -2.787413e+01 1.324168e+01 6.733287e+00 8.112276e+00
6.987500e+03 4.512500e+03 1.350000e+03 -1.910705e+01 9.881348e+00 3.453078e+01 8.180742e+00 1.279199e+02 6.120690e+00 -1.351964e+02 6.770745e+00 -1.337635e+02 6.564310e+00 1.340641e+02 6.884515e+00 8.806369e+00 1.324168e+01 -2.192589e+01 8.112276e+00
3.487500e+03 5.012500e+03 1.050000e+03 9.008632e+00 9.881348e+00 6.431926e+00 8.180742e+00 9.649474e+01 4.702252e+00 -8.923537e+01 4.242809e+00 -8.828509e+01 4.720127e+00 8.005976e+01 3.877046e+00 -8.067972e+00 1.324168e+01 -1.627359e+01 8.112276e+00
3.987500e+03 5.012500e+03 1.075000e+03 -1.298325e+01 9.881348e+00 1.471494e+01 8.180742e+00 6.869380e+01 3.384363e+00 -6.903829e+01 3.545145e+00 -7.754298e+01 3.779116e+00 6.873137e+01 3.440845e+00 2.880041e+01 1.324168e+01 5.508699e+00 8.112276e+00
4.487500e+03 5.012500e+03 1.125000e+03 1.871377e+01 9.881348e+00 1.745180e+01 8.180742e+00 1.380666e+02 6.128230e+00 -1.586139e+02 8.111050e+00 -1.490619e+02 7.197435e+00 1.641353e+02 8.156650e+00 -3.252710e+01 1.324168e+01 -6.602603e+00 8.112276e+00
4.987500e+03 5.012500e+03 1.200000e+03 6.314798e+00 9.881348e+00 1.644985e+01 8.180742e+00 6.792952e+01 3.649295e+00 -1.051787e+02 5.503300e+00 -3.332274e+01 1.682905e+00 1.029927e+02 5.033525e+00 -2.227971e+01 1.324168e+01 4.992818e+00 8.112276e+00
5.487500e+03 5.012500e+03 1.200000e+03 1.113914e+01 9.881348e+00 -1.802769e+01 8.180742e+00 7.282903e+01 3.543980e+00 -1.343587e+02 6.132735e+00 -3.337211e+01 1.652548e+00 1.163409e+02 5.855535e+00 -2.215018e+00 1.324168e+01 2.866995e+01 8.112276e+00
5.987500e+03 5.012500e+03 1.300000e+03 -2.565019e+01 9.881348e+00 3.686320e+01 8.180742e+00 5.278430e+01 2.868701e+00 -7.917569e+01 4.321543e+00 -4.659280e+01 2.314094e+00 9.775907e+01 5.190460e+00 2.819561e+01 1.324168e+01 -3.271379e+01 8.112276e+00
6.487500e+03 5.012500e+03 1.200000e+03 -2.275804e+01 9.881348e+00 3.077422e+00 8.180742e+00 5.169132e+01 2.631729e+00 -4.060460e+01 1.945729e+00 -3.168185e+01 1.576063e+00 2.003190e+01 1.079187e+00 1.084031e+01 1.324168e+01 -9.809104e+00 8.112276e+00
6.987500e+03 5.012500e+03 1.300000e+03 -7.460120e+00 9.881348e+00 5.424968e+00 8.180742e+00 1.040860e+02 5.030725e+00 -1.116213e+02 5.554665e+00 -1.532726e+02 7.350355e+00 1.229082e+02 6.148640e+00 1.249426e+01 1.324168e+01 1.079116e+00 8.112276e+00
3.487500e+03 5.512500e+03 1.025000e+03 -1.729470e+01 9.881348e+00 3.486899e+01 8.180742e+00 1.422678e+02 7.513435e+00 -1.034762e+02 5.616920e+00 -2.096894e+02 9.868995e+00 1.204577e+02 6.457625e+00 -9.956432e+00 1.324168e+01 -1.546415e+01 8.112276e+00
3.987500e+03 5.512500e+03 1.075000e+03 7.188571e+01 9.881348e+00 -1.810422e+01 8.180742e+00 1.671673e+02 8.598360e+00 -1.346215e+02 6.467265e+00 -1.489411e+02 8.147650e+00 1.212000e+02 6.038065e+00 -5.326688e+01 1.324168e+01 1.252878e+01 8.112276e+00
4.487500e+03 5.512500e+03 1.150000e+03 1.083724e+01 9.881348e+00 2.545961e+01 8.180742e+00 1.595853e+02 8.802310e+00 -1.312502e+02 6.780085e+00 -1.589654e+02 8.662720e+00 1.758249e+02 8.707375e+00 3.050958e+01 1.324168e+01 -4.102801e+01 8.112276e+00
4.987500e+03 5.512500e+03 1.200000e+03 1.136556e+01 9.881348e+00 -1.395247e+00 8.180742e+00 9.850782e+01 4.796797e+00 -5.991645e+01 3.227689e+00 -1.050031e+02 5.362510e+00 1.352445e+02 7.067210e+00 7.786301e+00 1.324168e+01 -9.789067e+00 8.112276e+00
5.487500e+03 5.512500e+03 1.200000e+03 1.582197e+01 9.881348e+00 7.093876e+00 8.180742e+00 2.004526e+02 9.541720e+00 -1.228540e+02 6.344420e+00 -1.221154e+02 6.087230e+00 1.648422e+02 8.181710e+00 -4.776014e+00 1.324168e+01 1.556280e+01 8.112276e+00
5.987500e+03 5.512500e+03 1.200000e+03 9.271760e-01 9.881348e+00 -2.045632e+01 8.180742e+00 1.961678e+02 1.024095e+01 -1.565464e+02 7.325150e+00 -1.641431e+02 7.653855e+00 1.767197e+02 8.736080e+00 -6.951181e+00 1.324168e+01 1.558030e+01 8.112276e+00
6.487500e+03 5.512500e+03 1.325000e+03 -3.175637e+01 9.881348e+00 8.395162e+00 8.180742e+00 8.772828e+01 4.210884e+00 -7.798095e+01 3.674394e+00 -1.088053e+02 5.204155e+00 1.182794e+02 6.063285e+00 1.557162e+01 1.324168e+01 -1.179290e+01 8.112276e+00
6.987500e+03 5.512500e+03 1.225000e+03 2.620352e+01 9.881348e+00 -6.290989e+01 8.180742e+00 2.539933e+02 1.292473e+01 -1.892516e+02 9.375750e+00 -1.813372e+02 8.850180e+00 1.357612e+02 6.638135e+00 1.495711e+01 1.324168e+01 4.048352e+01 8.112276e+00


DATATYPE MTZ
FREQUENCY 158.5
N_RECV 56
3.487500e+03 2.512500e+03 1.150000e+03 2.914070e-01 1.517456e+01 -1.905861e+01 1.021067e+01 8.603468e+01 4.570365e+00 -9.332270e+01 4.978362e+00 -8.280893e+01 4.204064e+00 9.192119e+01 4.785401e+00 -1.049403e+01 1.917896e+01 -7.601289e+00 9.796681e+00
3.987500e+03 2.512500e+03 1.100000e+03 -1.820906e+01 1.517456e+01 -1.500827e+01 1.021067e+01 1.104043e+02 5.171800e+00 -9.422557e+01 5.014430e+00 -9.785708e+01 4.745049e+00 1.007805e+02 4.816000e+00 -6.074070e-02 1.917896e+01 -4.885545e+00 9.796681e+00
4.487500e+03 2.512500e+03 1.100000e+03 -1.933737e+01 1.517456e+01 -4.344706e+00 1.021067e+01 1.237982e+02 5.997105e+00 -1.290825e+02 6.370045e+00 -7.062089e+01 3.737013e+00 7.880233e+01 4.128813e+00 1.253037e+01 1.917896e+01 1.219730e+01 9.796681e+00
4.987500e+03 2.512500e+03 1.050000e+03 -1.050440e+01 1.517456e+01 4.450162e+00 1.021067e+01 1.178770e+02 5.844500e+00 -1.031330e+02 5.254195e+00 -1.096873e+02 5.721970e+00 1.042027e+02 4.945975e+00 -1.072584e+01 1.917896e+01 -2.193045e-01 9.796681e+00
5.487500e+03 2.512500e+03 1.100000e+03 1.063019e+01 1.517456e+01 -2.650294e+00 1.021067e+01 1.291477e+02 6.307320e+00 -1.180404e+02 6.031060e+00 -1.328111e+02 5.798615e+00 9.436423e+01 4.753502e+00 2.438750e+01 1.917896e+01 -2.607015e+00 9.796681e+00
5.987500e+03 2.512500e+03 1.125000e+03 -1.037489e+01 1.517456e+01 4.710238e+00 1.021067e+01 1.096386e+02 5.488880e+00 -1.010712e+02 5.114680e+00 -1.248965e+02 5.821240e+00 9.089117e+01 4.770520e+00 2.916137e+00 1.917896e+01 -6.576562e-01 9.796681e+00
6.487500e+03 2.512500e+03 1.150000e+03 9.713018e+00 1.517456e+01 1.187254e+01 1.021067e+01 9.832831e+01 4.825342e+00 -9.339789e+01 4.538959e+00 -9.875582e+01 5.669085e+00 8.412875e+01 4.003802e+00 1.752822e+01 1.917896e+01 -1.276385e+01 9.796681e+00
6.987500e+03 2.512500e+03 1.150000e+03 1.185210e+01 1.517456e+01 2.430119e+01 1.021067e+01 1.046767e+02 5.582810e+00 -9.303123e+01 4.430333e+00 -1.530284e+02 7.544720e+00 8.701642e+01 4.196831e+00 6.872577e+00 1.917896e+01 -6.205091e+00 9.796681e+00
3.487500e+03 3.012500e+03 1.125000e+03 -3.881308e+00 1.517456e+01 3.129207e+00 1.021067e+01 9.244882e+01 4.766712e+00 -9.488674e+01 4.897653e+00 -1.037165e+02 4.935714e+00 1.048315e+02 5.056685e+00 -2.874016e+01 1.917896e+01 1.920052e+00 9.796681e+00
3.987500e+03 3.012500e+03 1.125000e+03 -1.156359e+01 1.517456e+01 1.731613e+01 1.021067e+01 9.204492e+01 4.652770e+00 -1.052819e+02 4.922994e+00 -1.020744e+02 4.986464e+00 9.484188e+01 4.997575e+00 1.885367e+01 1.917896e+01 -3.109379e+00 9.796681e+00
4.487500e+03 3.012500e+03 1.100000e+03 6.342026e+00 1.517456e+01 1.537041e+01 1.021067e+01 8.661546e+01 4.459346e+00 -9.256418e+01 4.674457e+00 -7.921995e+01 4.059038e+00 8.613920e+01 4.202308e+00 2.012408e+00 1.917896e+01 -9.081166e+00 9.796681e+00
4.987500e+03 3.012500e+03 1.075000e+03 -4.369081e+00 1.517456e+01 2.783436e+00 1.021067e+01 1.396066e+02 6.542140e+00 -9.686581e+01 4.984239e+00 -1.378450e+02 6.717080e+00 1.016228e+02 4.942583e+00 -8.284074e+00 1.917896e+01 -1.627370e+01 9.796681e+00
5.487500e+03 3.012500e+03 1.100000e+03 -1.250369e+01 1.517456e+01 -7.733084e-01 1.021067e+01 1.648134e+02 8.059260e+00 -1.340110e+02 6.605720e+00 -1.649973e+02 8.257400e+00 1.447074e+02 6.705940e+00 -1.076315e+01 1.917896e+01 -4.654012e+00 9.796681e+00
5.987500e+03 3.012500e+03 1.125000e+03 6.484788e+01 1.517456e+01 2.298566e+00 1.021067e+01 1.437711e+02 7.102510e+00 -7.326763e+01 3.779313e+00 -1.358521e+02 7.289165e+00 8.554022e+01 4.359065e+00 -7.417125e+01 1.917896e+01 -6.210108e+00 9.796681e+00
6.487500e+03 3.012500e+03 1.175000e+03 -1.339782e+02 1.517456e+01 1.109949e+02 1.021067e+01 3.703622e+02 1.942238e+01 -3.022454e+02 1.463816e+01 -3.020192e+02 1.456155e+01 2.963154e+02 1.433030e+01 1.974063e+02 1.917896e+01 -9.511312e+01 9.796681e+00
6.987500e+03 3.012500e+03 1.175000e+03 -2.154464e+01 1.517456e+01 2.932960e+01 1.021067e+01 3.174384e+02 1.548466e+01 -2.922132e+02 1.412461e+01 -3.273440e+02 1.595861e+01 3.548968e+02 1.715461e+01 3.908514e+01 1.917896e+01 -2.410840e+01 9.796681e+00
3.487500e+03 3.512500e+03 1.125000e+03 2.352617e+01 1.517456e+01 2.303262e+01 1.021067e+01 9.889222e+01 5.029325e+00 -1.067193e+02 4.921883e+00 -8.772819e+01 4.667923e+00 9.615155e+01 4.796328e+00 -4.318964e+00 1.917896e+01 6.800058e+00 9.796681e+00
3.987500e+03 3.512500e+03 1.125000e+03 2.138800e+01 1.517456e+01 1.574896e+01 1.021067e+01 7.681619e+01 3.425986e+00 -7.748273e+01 3.917178e+00 -5.534587e+01 2.735613e+00 6.489335e+01 3.040356e+00 -2.458341e+00 1.917896e+01 -2.396916e+01 9.796681e+00
4.487500e+03 3.512500e+03 1.050000e+03 2.854201e+00 1.517456e+01 -1.916947e+01 1.021067e+01 1.171550e+02 5.987725e+00 -8.821641e+01 4.722449e+00 -1.414421e+02 7.139250e+00 1.024375e+02 5.120105e+00 -2.185844e+00 1.917896e+01 -3.402291e+00 9.796681e+00
4.987500e+03 3.512500e+03 1.075000e+03 -1.021059e+01 1.517456e+01 -1.310044e+01 1.021067e+01 2.411383e+02 1.211375e+01 -1.576951e+02 7.691925e+00 -1.261032e+02 6.076205e+00 1.164116e+02 5.619815e+00 -3.094137e+01 1.917896e+01 5.751077e+00 9.796681e+00
5.487500e+03 3.512500e+03 1.150000e+03 -6.576485e+01 1.517456e+01 7.824472e+01 1.021067e+01 5.706218e+02 2.911060e+01 -4.620355e+02 2.273647e+01 -7.290820e+01 3.611700e+00 1.059933e+02 5.570980e+00 9.276561e+01 1.917896e+01 -6.259589e+01 9.796681e+00
5.987500e+03 3.512500e+03 1.150000e+03 -1.048197e+01 1.517456e+01 3.227660e+01 1.021067e+01 2.719406e+02 1.421615e+01 -2.952735e+02 1.359154e+01 -2.118111e+02 1.106816e+01 2.449526e+02 1.320133e+01 6.307208e+01 1.917896e+01 -4.045298e+01 9.796681e+00
6.487500e+03 3.512500e+03 1.200000e+03 -1.139200e+01 1.517456e+01 -1.529136e+01 1.021067e+01 2.494342e+02 1.364540e+01 -2.863825e+02 1.410094e+01 -2.162430e+02 9.764935e+00 2.517032e+02 1.188430e+01 -1.393108e+01 1.917896e+01 1.245370e+01 9.796681e+00
6.987500e+03 3.512500e+03 1.200000e+03 -1.020001e+01 1.517456e+01 1.795254e+01 1.021067e+01 2.899756e+02 1.353364e+01 -2.638459e+02 1.362749e+01 -2.436067e+02 1.328365e+01 2.786548e+02 1.420327e+01 1.362633e+00 1.917896e+01 -1.505490e+01 9.796681e+00
3.487500e+03 4.012500e+03 1.125000e+03 1.487688e+01 1.517456e+01 -2.372302e+01 1.021067e+01 7.714833e+01 4.080352e+00 -8.080462e+01 3.962242e+00 -9.599059e+01 4.665131e+00 8.795226e+01 4.711003e+00 -1.620340e+01 1.917896e+01 1.466184e+01 9.796681e+00
3.987500e+03 4.012500e+03 1.050000e+03 5.661794e+00 1.517456e+01 2.283735e+01 1.021067e+01 1.566293e+02 7.342725e+00 -1.248704e+02 6.267280e+00 -1.376569e+02 6.970325e+00 1.198165e+02 6.030355e+00 1.350063e+01 1.917896e+01 -1.182392e+01 9.796681e+00
4.487500e+03 4.012500e+03 1.050000e+03 -1.046009e+00 1.517456e+01 1.806267e+01 1.021067e+01 1.460668e+02 7.922120e+00 -1.584341e+02 7.926735e+00 -1.703467e+02 8.363755e+00 1.594209e+02 8.100360e+00 4.362826e+01 1.917896e+01 -9.252632e+00 9.796681e+00
4.987500e+03 4.012500e+03 1.125000e+03 -3.873926e+01 1.517456e+01 5.428920e+01 1.021067e+01 1.374759e+02 6.043505e+00 -1.422956e+02 7.212705e+00 -1.734914e+02 9.204825e+00 2.892058e+02 1.468767e+01 1.053411e+02 1.917896e+01 -8.147248e+01 9.796681e+00
5.487500e+03 4.012500e+03 1.175000e+03 -1.540124e+01 1.517456e+01 -5.323339e+00 1.021067e+01 2.648039e+01 1.435050e+00 -2.985567e+01 1.632964e+00 -6.480532e+01 3.213210e+00 6.542052e+01 3.339251e+00 4.638688e+01 1.917896e+01 -9.391747e+00 9.796681e+00
5.987500e+03 4.012500e+03 1.150000e+03 8.217509e+01 1.517456e+01 -4.256814e+01 1.021067e+01 1.995799e+02 1.006623e+01 -2.291588e+02 1.085713e+01 -2.610074e+02 1.342777e+01 3.219566e+02 1.411759e+01 -4.709461e+01 1.917896e+01 3.446710e+01 9.796681e+00
6.487500e+03 4.012500e+03 1.225000e+03 7.307564e+00 1.517456e+01 -1.713387e+01 1.021067e+01 2.272755e+02 1.151658e+01 -2.551362e+02 1.211913e+01 -1.946726e+02 9.750345e+00 2.220846e+02 1.099495e+01 -1.348360e+01 1.917896e+01 1.866700e+01 9.796681e+00
6.987500e+03 4.012500e+03 1.275000e+03 -4.598301e+01 1.517456e+01 7.093860e+01 1.021067e+01 2.016423e+02 1.006835e+01 -2.069886e+02 1.107031e+01 -1.861385e+02 9.485035e+00 2.251684e+02 1.090726e+01 6.083473e+01 1.917896e+01 -5.571472e+01 9.796681e+00
3.487500e+03 4.512500e+03 1.075000e+03 2.734906e+01 1.517456e+01 -1.365554e-01 1.021067e+01 1.328128e+02 6.395345e+00 -1.037393e+02 5.263400e+00 -1.096812e+02 5.353250e+00 9.387024e+01 5.110915e+00 5.904165e+01 1.917896e+01 1.242712e+00 9.796681e+00
3.987500e+03 4.512500e+03 1.025000e+03 -7.977120e+00 1.517456e+01 8.824754e+00 1.021067e+01 1.691865e+02 8.175980e+00 -1.868646e+02 8.449110e+00 -1.701851e+02 8.960830e+00 1.636977e+02 8.425670e+00 1.189003e+01 1.917896e+01 4.509204e+00 9.796681e+00
4.487500e+03 4.512500e+03 1.100000e+03 5.600755e+00 1.517456e+01 -2.116646e+01 1.021067e+01 9.607865e+01 4.904398e+00 -1.522091e+02 6.896110e+00 -7.966390e+01 4.052889e+00 1.155852e+02 5.558265e+00 -2.099087e+01 1.917896e+01 3.288923e+01 9.796681e+00
4.987500e+03 4.512500e+03 1.175000e+03 -5.709925e+00 1.517456e+01 1.395327e-01 1.021067e+01 6.898983e+01 3.376478e+00 -2.290843e+02 1.085039e+01 -7.992571e+01 3.976402e+00 2.372771e+02 1.194685e+01 -3.353465e+00 1.917896e+01 -1.330035e+00 9.796681e+00
5.487500e+03 4.512500e+03 1.275000e+03 -7.379137e+00 1.517456e+01 5.611306e+01 1.021067e+01 9.701083e+01 4.758964e+00 -2.553616e+02 1.233181e+01 -5.073878e+01 2.442140e+00 1.500257e+02 8.104670e+00 -1.140709e+01 1.917896e+01 -7.021662e+01 9.796681e+00
5.987500e+03 4.512500e+03 1.200000e+03 6.951293e+01 1.517456e+01 -3.998879e+01 1.021067e+01 1.289072e+02 5.901545e+00 -2.720420e+02 1.344065e+01 -1.377985e+02 6.374880e+00 2.840456e+02 1.448573e+01 -2.983505e+01 1.917896e+01 6.521293e+01 9.796681e+00
6.487500e+03 4.512500e+03 1.225000e+03 4.932024e+01 1.517456e+01 -2.082642e+01 1.021067e+01 2.420919e+02 1.306187e+01 -2.841405e+02 1.452642e+01 -1.722637e+02 8.826445e+00 1.873817e+02 8.919750e+00 -2.434109e+01 1.917896e+01 -1.710735e+01 9.796681e+00
6.987500e+03 4.512500e+03 1.350000e+03 -3.534434e+01 1.517456e+01 3.706609e+01 1.021067e+01 2.001304e+02 9.834215e+00 -2.484913e+02 1.230875e+01 -2.131409e+02 1.040823e+01 2.435103e+02 1.251844e+01 3.158846e+01 1.917896e+01 -4.440719e+01 9.796681e+00
3.487500e+03 5.012500e+03 1.050000e+03 1.829295e+01 1.517456e+01 -3.201225e+00 1.021067e+01 1.374745e+02 7.585585e+00 -1.384243e+02 6.443230e+00 -1.349551e+02 7.042715e+00 1.179749e+02 5.862255e+00 1.582719e+01 1.917896e+01 -1.441123e+01 9.796681e+00
3.987500e+03 5.012500e+03 1.075000e+03 -2.284119e+01 1.517456e+01 8.916348e+00 1.021067e+01 1.170108e+02 5.730815e+00 -1.131794e+02 5.907655e+00 -1.196318e+02 5.870935e+00 1.023947e+02 5.594455e+00 -1.469577e+01 1.917896e+01 8.531332e+00 9.796681e+00
4.487500e+03 5.012500e+03 1.125000e+03 -1.722051e+01 1.517456e+01 3.752466e+01 1.021067e+01 2.246238e+02 1.076251e+01 -3.052806e+02 1.525812e+01 -2.304529e+02 1.186065e+01 2.894412e+02 1.502650e+01 1.480947e+00 1.917896e+01 -2.523372e+01 9.796681e+00
4.987500e+03 5.012500e+03 1.200000e+03 -5.780802e+00 1.517456e+01 3.764431e+01 1.021067e+01 1.197005e+02 6.285545e+00 -2.084292e+02 1.113103e+01 -8.179067e+01 4.135957e+00 2.452107e+02 1.088575e+01 -1.225277e+01 1.917896e+01 -2.261943e+01 9.796681e+00
5.487500e+03 5.012500e+03 1.200000e+03 2.625779e+01 1.517456e+01 -4.017849e+01 1.021067e+01 1.276143e+02 6.541890e+00 -2.570923e+02 1.269712e+01 -9.190710e+01 4.658349e+00 2.630712e+02 1.278717e+01 -6.244508e+01 1.917896e+01 2.122721e+01 9.796681e+00
5.987500e+03 5.012500e+03 1.300000e+03 -2.883676e+01 1.517456e+01 5.367302e+01 1.021067e+01 1.041661e+02 5.032370e+00 -1.843111e+02 8.871915e+00 -1.046693e+02 5.193810e+00 2.215268e+02 1.090637e+01 8.461981e-01 1.917896e+01 -4.830788e+01 9.796681e+00
6.487500e+03 5.012500e+03 1.200000e+03 -2.852665e+01 1.517456e+01 6.788464e+00 1.021067e+01 7.711701e+01 3.970540e+00 -5.652613e+01 2.888300e+00 -4.407231e+01 2.148191e+00 4.426084e+01 2.035344e+00 1.207797e+01 1.917896e+01 -5.445281e+00 9.796681e+00
6.987500e+03 5.012500e+03 1.300000e+03 8.831384e+00 1.517456e+01 2.342260e+01 1.021067e+01 1.714252e+02 8.249820e+00 -1.909890e+02 1.019810e+01 -2.502001e+02 1.109955e+01 2.214196e+02 1.084866e+01 9.901387e+00 1.917896e+01 -2.935168e+01 9.796681e+00
3.487500e+03 5.512500e+03 1.025000e+03 -2.114931e+01 1.517456e+01 6.665740e+00 1.021067e+01 2.300050e+02 1.116515e+01 -1.725142e+02 8.726145e+00 -2.853787e+02 1.356239e+01 1.790842e+02 9.178835e+00 4.715239e+00 1.917896e+01 -2.631472e+00 9.796681e+00
3.987500e+03 5.512500e+03 1.075000e+03 4.278428e+01 1.517456e+01 -4.159744e+01 1.021067e+01 2.724093e+02 1.283562e+01 -1.949631e+02 1.022845e+01 -2.305978e+02 1.187710e+01 1.967670e+02 8.976740e+00 -5.279144e+01 1.917896e+01 1.019310e+01 9.796681e+00
4.487500e+03 5.512500e+03 1.150000e+03 -2.126144e+01 1.517456e+01 2.173607e+01 1.021067e+01 2.440223e+02 1.250556e+01 -2.105671e+02 1.108453e+01 -2.791023e+02 1.408200e+01 2.731746e+02 1.374512e+01 2.592012e+00 1.917896e+01 -4.651970e+01 9.796681e+00
4.987500e+03 5.512500e+03 1.200000e+03 -6.167002e+00 1.517456e+01 4.286231e+00 1.021067e+01 1.293969e+02 6.513120e+00 -1.046047e+02 5.122945e+00 -1.807283e+02 9.922880e+00 2.272832e+02 1.184986e+01 -4.293391e+00 1.917896e+01 -1.168313e+01 9.796681e+00
5.487500e+03 5.512500e+03 1.200000e+03 -5.234025e+00 1.517456e+01 -7.395506e+00 1.021067e+01 2.678045e+02 1.330155e+01 -1.919358e+02 9.890930e+00 -2.307981e+02 1.192012e+01 2.743615e+02 1.320651e+01 4.067901e+00 1.917896e+01 -4.671436e+00 9.796681e+00
5.987500e+03 5.512500e+03 1.200000e+03 8.344268e+00 1.517456e+01 -7.090778e+00 1.021067e+01 2.970527e+02 1.490475e+01 -2.394146e+02 1.194027e+01 -2.676840e+02 1.406926e+01 2.546437e+02 1.356369e+01 -2.413507e+01 1.917896e+01 1.807980e+01 9.796681e+00
6.487500e+03 5.512500e+03 1.325000e+03 -3.143123e+01 1.517456e+01 3.437914e+01 1.021067e+01 1.246891e+02 6.271660e+00 -1.330079e+02 6.696050e+00 -1.755085e+02 8.969715e+00 2.169812e+02 1.082626e+01 2.600110e+01 1.917896e+01 -4.501604e+01 9.796681e+00
6.987500e+03 5.512500e+03 1.225000e+03 7.679595e+01 1.517456e+01 -4.373393e+01 1.021067e+01 3.973784e+02 1.914846e+01 -3.211122e+02 1.524546e+01 -2.916756e+02 1.312419e+01 2.259803e+02 1.126752e+01 -5.826973e+01 1.917896e+01 3.714331e+01 9.796681e+00


DATATYPE MTZ
FREQUENCY 398.1
N_RECV 56
3.487500e+03 2.512500e+03 1.150000e+03 9.053459e+00 2.192053e+01 2.475827e+00 1.395570e+01 1.465111e+02 7.495185e+00 -1.589045e+02 8.087455e+00 -1.398542e+02 6.997460e+00 1.559564e+02 7.841985e+00 -4.185011e+01 2.580668e+01 -1.189429e+01 1.386064e+01
3.987500e+03 2.512500e+03 1.100000e+03 -9.182584e+00 2.192053e+01 -2.465526e+01 1.395570e+01 1.584275e+02 8.126945e+00 -1.536568e+02 7.909390e+00 -1.534661e+02 7.550990e+00 1.426544e+02 7.726820e+00 -1.910813e+01 2.580668e+01 2.130643e+01 1.386064e+01
4.487500e+03 2.512500e+03 1.100000e+03 1.711138e+01 2.192053e+01 -4.018332e+00 1.395570e+01 2.007292e+02 9.794605e+00 -2.007871e+02 1.036553e+01 -1.160047e+02 6.164395e+00 1.411837e+02 6.859605e+00 2.424541e+00 2.580668e+01 7.007081e+00 1.386064e+01
4.987500e+03 2.512500e+03 1.050000e+03 2.254391e+01 2.192053e+01 -2.039814e+00 1.395570e+01 1.880090e+02 8.950675e+00 -1.674829e+02 8.245905e+00 -1.660556e+02 8.630890e+00 1.466427e+02 8.230280e+00 -3.015960e+01 2.580668e+01 -2.618815e+00 1.386064e+01
5.487500e+03 2.512500e+03 1.100000e+03 2.515279e+01 2.192053e+01 -2.392048e+01 1.395570e+01 1.825904e+02 1.017643e+01 -1.833586e+02 9.282005e+00 -1.897788e+02 8.790600e+00 1.523167e+02 7.585085e+00 -2.825003e+01 2.580668e+01 -2.433235e+01 1.386064e+01
5.987500e+03 2.512500e+03 1.125000e+03 -3.291607e+00 2.192053e+01 -1.862120e+01 1.395570e+01 1.695615e+02 8.718270e+00 -1.650747e+02 8.450165e+00 -1.758324e+02 8.669145e+00 1.755340e+02 8.318435e+00 2.353790e+01 2.580668e+01 -4.160695e+00 1.386064e+01
6.487500e+03 2.512500e+03 1.150000e+03 -4.859874e+01 2.192053e+01 1.699166e+01 1.395570e+01 1.510648e+02 7.296595e+00 -1.428526e+02 7.853050e+00 -1.378495e+02 7.261995e+00 1.275230e+02 6.910895e+00 -3.315853e+00 2.580668e+01 -1.869955e+01 1.386064e+01
6.987500e+03 2.512500e+03 1.150000e+03 1.765053e+01 2.192053e+01 2.769222e+01 1.395570e+01 1.595072e+02 7.709955e+00 -1.515950e+02 7.115405e+00 -2.002371e+02 9.527405e+00 1.152773e+02 5.662260e+00 3.040049e+01 2.580668e+01 -4.839968e-01 1.386064e+01
3.487500e+03 3.012500e+03 1.125000e+03 2.414024e+01 2.192053e+01 -2.078403e+01 1.395570e+01 1.622271e+02 7.703715e+00 -1.639854e+02 7.905580e+00 -1.587644e+02 8.031020e+00 1.624030e+02 8.080810e+00 1.809677e+01 2.580668e+01 -1.106810e+01 1.386064e+01
3.987500e+03 3.012500e+03 1.125000e+03 -9.424766e+00 2.192053e+01 -2.806443e+00 1.395570e+01 1.556810e+02 7.606875e+00 -1.470873e+02 8.019800e+00 -1.658484e+02 8.012760e+00 1.688818e+02 7.999530e+00 4.293619e+01 2.580668e+01 2.328182e+01 1.386064e+01
4.487500e+03 3.012500e+03 1.100000e+03 -5.574856e+01 2.192053e+01 8.468370e+00 1.395570e+01 1.527665e+02 7.200090e+00 -1.589664e+02 7.839325e+00 -1.359660e+02 6.467180e+00 1.452460e+02 7.040460e+00 2.133985e+01 2.580668e+01 1.094279e+01 1.386064e+01
4.987500e+03 3.012500e+03 1.075000e+03 2.186578e+01 2.192053e+01 3.701439e+00 1.395570e+01 1.774700e+02 9.383400e+00 -1.466761e+02 7.353920e+00 -1.756920e+02 9.286455e+00 1.473050e+02 7.269275e+00 1.448299e+01 2.580668e+01 -1.993701e+01 1.386064e+01
5.487500e+03 3.012500e+03 1.100000e+03 -3.483304e+00 2.192053e+01 -1.149838e+01 1.395570e+01 2.223019e+02 1.096460e+01 -2.178582e+02 1.096587e+01 -2.051510e+02 1.099862e+01 2.128069e+02 1.040790e+01 -4.532260e+00 2.580668e+01 8.225868e+00 1.386064e+01
5.987500e+03 3.012500e+03 1.125000e+03 3.279707e+01 2.192053e+01 1.332070e+01 1.395570e+01 1.790652e+02 9.364685e+00 -9.186917e+01 4.809873e+00 -1.880202e+02 9.898335e+00 9.011538e+01 4.949162e+00 -4.206783e+01 2.580668e+01 1.219911e+01 1.386064e+01
6.487500e+03 3.012500e+03 1.175000e+03 -1.714223e+02 2.192053e+01 1.080196e+02 1.395570e+01 5.306584e+02 2.807473e+01 -4.474897e+02 2.210596e+01 -4.570254e+02 2.279805e+01 4.897761e+02 2.288199e+01 2.591233e+02 2.580668e+01 -1.402323e+02 1.386064e+01
6.987500e+03 3.012500e+03 1.175000e+03 -1.418377e+01 2.192053e+01 4.830642e+00 1.395570e+01 4.854516e+02 2.390980e+01 -4.231248e+02 2.333862e+01 -5.319206e+02 2.634821e+01 5.380661e+02 2.907482e+01 7.354452e+01 2.580668e+01 3.734342e+01 1.386064e+01
3.487500e+03 3.512500e+03 1.125000e+03 -2.032720e+01 2.192053e+01 1.194219e+01 1.395570e+01 1.577286e+02 7.914475e+00 -1.646592e+02 8.073355e+00 -1.576423e+02 7.440025e+00 1.752094e+02 8.007855e+00 -1.092538e+01 2.580668e+01 1.896030e+00 1.386064e+01
3.987500e+03 3.512500e+03 1.125000e+03 -7.179805e+00 2.192053e+01 1.817479e+01 1.395570e+01 1.111844e+02 5.508130e+00 -1.239832e+02 6.818250e+00 -8.873087e+01 4.304775e+00 1.066575e+02 5.259430e+00 5.218857e+00 2.580668e+01 -1.267058e+00 1.386064e+01
4.487500e+03 3.512500e+03 1.050000e+03 -2.914265e+01 2.192053e+01 -1.010205e+01 1.395570e+01 1.758116e+02 8.490260e+00 -1.461780e+02 7.165635e+00 -1.971659e+02 9.839950e+00 1.401438e+02 7.445530e+00 7.912926e+00 2.580668e+01 -4.254879e+01 1.386064e+01
4.987500e+03 3.512500e+03 1.075000e+03 -8.154951e-01 2.192053e+01 1.768972e+00 1.395570e+01 3.582200e+02 1.652105e+01 -2.044929e+02 1.010236e+01 -1.778414e+02 8.595325e+00 1.737397e+02 8.927490e+00 -7.736901e+01 2.580668e+01 3.067863e-02 1.386064e+01
5.487500e+03 3.512500e+03 1.150000e+03 -1.064590e+02 2.192053e+01 1.645125e+02 1.395570e+01 8.782550e+02 4.372599e+01 -6.577779e+02 3.385500e+01 -1.181693e+02 6.369365e+00 2.146308e+02 1.043648e+01 9.873827e+01 2.580668e+01 -1.143216e+02 1.386064e+01
5.987500e+03 3.512500e+03 1.150000e+03 -1.358074e+01 2.192053e+01 3.804838e+01 1.395570e+01 4.209632e+02 2.244660e+01 -4.680032e+02 2.193476e+01 -4.049132e+02 1.899196e+01 4.226018e+02 2.142991e+01 2.353636e+01 2.580668e+01 -3.073898e+01 1.386064e+01
6.487500e+03 3.512500e+03 1.200000e+03 5.575866e+01 2.192053e+01 -4.226880e+01 1.395570e+01 4.179635e+02 2.233195e+01 -4.662740e+02 2.341784e+01 -3.527867e+02 1.677453e+01 3.976095e+02 2.006850e+01 4.364134e+01 2.580668e+01 1.850770e+01 1.386064e+01
6.987500e+03 3.512500e+03 1.200000e+03 6.606508e-01 2.192053e+01 -2.880215e+00 1.395570e+01 4.587060e+02 2.155479e+01 -4.868033e+02 2.344376e+01 -4.549918e+02 2.173937e+01 4.332462e+02 2.394335e+01 1.621085e+01 2.580668e+01 -1.330748e+01 1.386064e+01
3.487500e+03 4.012500e+03 1.125000e+03 4.944588e+01 2.192053e+01 -3.208729e+01 1.395570e+01 1.265953e+02 6.103700e+00 -1.381005e+02 6.601640e+00 -1.568178e+02 7.141725e+00 1.606366e+02 7.661935e+00 -2.965687e+01 2.580668e+01 1.098474e+01 1.386064e+01
3.987500e+03 4.012500e+03 1.050000e+03 -1.565201e+01 2.192053e+01 8.662329e+00 1.395570e+01 2.175863e+02 1.101286e+01 -1.781085e+02 8.798855e+00 -2.133128e+02 1.047595e+01 1.733078e+02 8.333290e+00 4.829876e+01 2.580668e+01 -1.026796e+01 1.386064e+01
4.487500e+03 4.012500e+03 1.050000e+03 -4.893337e+01 2.192053e+01 3.180265e+00 1.395570e+01 2.580781e+02 1.271566e+01 -2.474382e+02 1.192563e+01 -2.559394e+02 1.322908e+01 2.308111e+02 1.180299e+01 2.603522e+01 2.580668e+01 -8.455263e+00 1.386064e+01
4.987500e+03 4.012500e+03 1.125000e+03 -1.117581e+02 2.192053e+01 8.931488e+01 1.395570e+01 2.119098e+02 1.044400e+01 -2.556081e+02 1.340554e+01 -4.139662e+02 1.915659e+01 4.947584e+02 2.519084e+01 1.905846e+02 2.580668e+01 -1.651850e+02 1.386064e+01
5.487500e+03 4.012500e+03 1.175000e+03 -2.206847e+01 2.192053e+01 2.304221e+01 1.395570e+01 4.689834e+01 2.390483e+00 -5.749520e+01 2.783724e+00 -1.067393e+02 5.308455e+00 9.118240e+01 4.498011e+00 5.637228e+01 2.580668e+01 -1.039905e+01 1.386064e+01
5.987500e+03 4.012500e+03 1.150000e+03 1.367268e+02 2.192053e+01 -4.816330e+01 1.395570e+01 3.383510e+02 1.701384e+01 -3.329664e+02 1.854092e+01 -4.543855e+02 2.200389e+01 4.479248e+02 2.125833e+01 -9.805539e+01 2.580668e+01 4.772914e+01 1.386064e+01
6.487500e+03 4.012500e+03 1.225000e+03 3.452448e+01 2.192053e+01 -4.232124e+00 1.395570e+01 3.863294e+02 1.929901e+01 -4.166056e+02 1.977615e+01 -3.309605e+02 1.649261e+01 3.529208e+02 1.794827e+01 2.435035e+01 2.580668e+01 -1.672106e+01 1.386064e+01
6.987500e+03 4.012500e+03 1.275000e+03 -6.348676e+01 2.192053e+01 4.339371e+01 1.395570e+01 3.152043e+02 1.630083e+01 -3.764895e+02 1.924332e+01 -3.283666e+02 1.556491e+01 3.468579e+02 1.880243e+01 9.175175e+01 2.580668e+01 -1.097974e+02 1.386064e+01
3.487500e+03 4.512500e+03 1.075000e+03 -3.852984e+00 2.192053e+01 1.482821e+01 1.395570e+01 1.815823e+02 9.292290e+00 -1.380333e+02 7.470155e+00 -1.728525e+02 8.241490e+00 1.606672e+02 7.711670e+00 2.642151e+01 2.580668e+01 1.937973e+00 1.386064e+01
3.987500e+03 4.512500e+03 1.025000e+03 5.010721e+00 2.192053e+01 -3.089636e+01 1.395570e+01 2.606181e+02 1.263332e+01 -2.524275e+02 1.186303e+01 -2.666289e+02 1.355794e+01 2.356471e+02 1.246879e+01 -1.251121e+00 2.580668e+01 8.764882e+00 1.386064e+01
4.487500e+03 4.512500e+03 1.100000e+03 6.435920e+01 2.192053e+01 -2.995199e+01 1.395570e+01 2.192689e+02 1.078209e+01 -2.024358e+02 9.592895e+00 -1.715328e+02 8.676700e+00 1.842858e+02 8.589870e+00 -8.178173e+01 2.580668e+01 2.076157e+01 1.386064e+01
4.987500e+03 4.512500e+03 1.175000e+03 -3.276708e+01 2.192053e+01 8.237049e+00 1.395570e+01 2.169409e+02 1.109802e+01 -4.512984e+02 2.160613e+01 -2.404218e+02 1.284465e+01 4.218237e+02 2.300472e+01 -1.803405e+01 2.580668e+01 5.082125e+00 1.386064e+01
5.487500e+03 4.512500e+03 1.275000e+03 -1.072859e+02 2.192053e+01 7.501375e+01 1.395570e+01 2.706922e+02 1.415001e+01 -4.840893e+02 2.270097e+01 -1.556457e+02 7.993580e+00 3.192336e+02 1.566765e+01 7.559033e+01 2.580668e+01 -1.292021e+02 1.386064e+01
5.987500e+03 4.512500e+03 1.200000e+03 8.238455e+01 2.192053e+01 -1.157148e+02 1.395570e+01 2.803583e+02 1.458310e+01 -5.579460e+02 2.618529e+01 -3.362731e+02 1.600411e+01 5.406182e+02 2.671315e+01 4.289419e-01 2.580668e+01 8.057413e+01 1.386064e+01
6.487500e+03 4.512500e+03 1.225000e+03 2.466971e+01 2.192053e+01 4.890540e+01 1.395570e+01 4.394128e+02 2.191383e+01 -4.446299e+02 2.439929e+01 -2.984318e+02 1.452094e+01 2.836183e+02 1.442278e+01 -4.004538e+00 2.580668e+01 -3.347272e+01 1.386064e+01
6.987500e+03 4.512500e+03 1.350000e+03 -6.043947e+01 2.192053e+01 6.361825e+01 1.395570e+01 3.066956e+02 1.691527e+01 -4.272154e+02 2.151119e+01 -3.526487e+02 1.735839e+01 4.761409e+02 2.191352e+01 6.658770e+01 2.580668e+01 -4.202643e+01 1.386064e+01
3.487500e+03 5.012500e+03 1.050000e+03 3.901054e+00 2.192053e+01 -2.069810e+01 1.395570e+01 2.357375e+02 1.147454e+01 -1.839744e+02 9.281105e+00 -2.254460e+02 1.062170e+01 1.846269e+02 8.908230e+00 -1.526384e+01 2.580668e+01 1.079161e+01 1.386064e+01
3.987500e+03 5.012500e+03 1.075000e+03 -1.076315e+01 2.192053e+01 -4.478124e+01 1.395570e+01 1.782991e+02 9.157055e+00 -1.864312e+02 8.928405e+00 -1.763325e+02 9.000265e+00 1.795670e+02 8.838255e+00 2.296344e+01 2.580668e+01 -5.722651e-01 1.386064e+01
4.487500e+03 5.012500e+03 1.125000e+03 -6.156143e+01 2.192053e+01 7.309050e+01 1.395570e+01 4.291614e+02 2.091275e+01 -5.261888e+02 2.599033e+01 -4.390920e+02 2.129189e+01 4.639048e+02 2.566945e+01 5.417775e+00 2.580668e+01 -4.713937e+01 1.386064e+01
4.987500e+03 5.012500e+03 1.200000e+03 -2.450834e+01 2.192053e+01 2.623036e+01 1.395570e+01 2.758065e+02 1.390451e+01 -4.239067e+02 2.115506e+01 -2.217809e+02 1.184290e+01 4.417007e+02 2.069133e+01 -9.570942e-01 2.580668e+01 -8.367570e+00 1.386064e+01
5.487500e+03 5.012500e+03 1.200000e+03 9.574927e+01 2.192053e+01 -5.714860e+01 1.395570e+01 3.099480e+02 1.556005e+01 -5.049002e+02 2.402000e+01 -2.997318e+02 1.437824e+01 4.323634e+02 2.377715e+01 -7.513215e+01 2.580668e+01 3.554513e+01 1.386064e+01
5.987500e+03 5.012500e+03 1.300000e+03 -6.982922e+01 2.192053e+01 6.979011e+01 1.395570e+01 2.073768e+02 1.085494e+01 -3.794996e+02 1.651318e+01 -2.681659e+02 1.287075e+01 3.942642e+02 1.942636e+01 7.342800e+01 2.580668e+01 -7.422324e+01 1.386064e+01
6.487500e+03 5.012500e+03 1.200000e+03 -9.792118e+00 2.192053e+01 -1.170387e+01 1.395570e+01 1.094967e+02 5.682195e+00 -8.655791e+01 4.059833e+00 -6.427816e+01 3.281878e+00 7.182469e+01 3.719623e+00 1.214810e+01 2.580668e+01 2.214697e+00 1.386064e+01
6.987500e+03 5.012500e+03 1.300000e+03 -3.830132e+01 2.192053e+01 6.275249e+01 1.395570e+01 2.870665e+02 1.462065e+01 -3.645542e+02 1.713476e+01 -3.293402e+02 1.767045e+01 3.359209e+02 1.740969e+01 -3.449433e+01 2.580668e+01 -2.167956e+01 1.386064e+01
3.487500e+03 5.512500e+03 1.025000e+03 -6.957082e+01 2.192053e+01 -7.182679e+00 1.395570e+01 3.301189e+02 1.633347e+01 -2.844258e+02 1.284685e+01 -3.708385e+02 1.872744e+01 2.385896e+02 1.372667e+01 -3.606654e-01 2.580668e+01 -5.300520e+00 1.386064e+01
3.987500e+03 5.512500e+03 1.075000e+03 6.678333e+01 2.192053e+01 -5.454165e+01 1.395570e+01 4.075672e+02 1.929272e+01 -2.812553e+02 1.492313e+01 -3.536553e+02 1.725605e+01 2.750085e+02 1.306966e+01 -7.470824e+01 2.580668e+01 4.575480e+01 1.386064e+01
4.487500e+03 5.512500e+03 1.150000e+03 2.256026e+00 2.192053e+01 -1.422984e+01 1.395570e+01 3.554718e+02 1.843651e+01 -3.491684e+02 1.877255e+01 -4.408396e+02 2.171165e+01 4.206691e+02 2.118707e+01 7.549439e+01 2.580668e+01 -2.932982e+01 1.386064e+01
4.987500e+03 5.512500e+03 1.200000e+03 2.463268e+00 2.192053e+01 1.181179e+01 1.395570e+01 1.753190e+02 9.166995e+00 -1.883514e+02 8.721445e+00 -3.323469e+02 1.695786e+01 3.776772e+02 1.819850e+01 1.483025e+01 2.580668e+01 -8.710762e+00 1.386064e+01
5.487500e+03 5.512500e+03 1.200000e+03 2.432053e+01 2.192053e+01 7.540880e+00 1.395570e+01 3.578509e+02 1.879279e+01 -3.237966e+02 1.541959e+01 -4.181282e+02 2.028374e+01 3.960781e+02 1.831149e+01 1.883713e+01 2.580668e+01 1.300547e+01 1.386064e+01
5.987500e+03 5.512500e+03 1.200000e+03 3.391719e+01 2.192053e+01 8.130864e-03 1.395570e+01 4.478656e+02 2.261798e+01 -3.425222e+02 1.764921e+01 -4.545781e+02 2.285309e+01 3.607305e+02 1.768186e+01 -1.632538e+01 2.580668e+01 -1.045380e+01 1.386064e+01
6.487500e+03 5.512500e+03 1.325000e+03 -5.341216e+01 2.192053e+01 5.740564e+01 1.395570e+01 1.895736e+02 9.986080e+00 -2.169061e+02 1.141030e+01 -3.054381e+02 1.518593e+01 3.511464e+02 1.747056e+01 1.098355e+02 2.580668e+01 -8.015924e+01 1.386064e+01
6.987500e+03 5.512500e+03 1.225000e+03 8.544885e+01 2.192053e+01 -4.024388e+01 1.395570e+01 6.000223e+02 2.944518e+01 -4.542694e+02 2.135736e+01 -4.170858e+02 2.084377e+01 3.535464e+02 1.653145e+01 -9.216253e+00 2.580668e+01 4.354350e+01 1.386064e+01


DATATYPE MTZ
FREQUENCY 1000.0
N_RECV 56
3.487500e+03 2.512500e+03 1.150000e+03 -4.625093e+00 3.108905e+01 1.822042e+01 1.960867e+01 2.354741e+02 1.237757e+01 -2.493975e+02 1.302060e+01 -2.345478e+02 1.168351e+01 2.594899e+02 1.275723e+01 2.140743e+01 3.357208e+01 2.728688e+01 1.975031e+01
3.987500e+03 2.512500e+03 1.100000e+03 1.844870e+01 3.108905e+01 -1.910739e+01 1.960867e+01 2.614982e+02 1.281630e+01 -2.504219e+02 1.251233e+01 -2.357223e+02 1.210261e+01 2.445889e+02 1.245281e+01 1.223344e+01 3.357208e+01 -3.994180e+00 1.975031e+01
4.487500e+03 2.512500e+03 1.100000e+03 1.743066e+01 3.108905e+01 -3.714627e+01 1.960867e+01 3.270897e+02 1.590577e+01 -3.405122e+02 1.664262e+01 -1.977221e+02 1.015434e+01 2.279048e+02 1.120429e+01 -4.987203e+01 3.357208e+01 -1.270341e+01 1.975031e+01
4.987500e+03 2.512500e+03 1.050000e+03 -2.831125e+01 3.108905e+01 -9.162162e+00 1.960867e+01 2.584282e+02 1.400516e+01 -2.642871e+02 1.296015e+01 -2.687310e+02 1.371918e+01 2.635214e+02 1.316444e+01 -2.542091e+01 3.357208e+01 -1.168384e+01 1.975031e+01
5.487500e+03 2.512500e+03 1.100000e+03 1.714977e+01 3.108905e+01 -8.818672e+00 1.960867e+01 3.425006e+02 1.577980e+01 -2.914686e+02 1.379598e+01 -2.630130e+02 1.305791e+01 2.204907e+02 1.136137e+01 -4.144890e+01 3.357208e+01 -2.199506e+01 1.975031e+01
5.987500e+03 2.512500e+03 1.125000e+03 2.903643e+00 3.108905e+01 5.477536e+00 1.960867e+01 2.784653e+02 1.433966e+01 -2.608485e+02 1.256933e+01 -3.176570e+02 1.448619e+01 2.627885e+02 1.255804e+01 -6.648836e+00 3.357208e+01 2.123009e+01 1.975031e+01
6.487500e+03 2.512500e+03 1.150000e+03 -3.854845e+01 3.108905e+01 -3.212144e+01 1.960867e+01 2.596085e+02 1.232740e+01 -2.765049e+02 1.342300e+01 -2.335161e+02 1.153903e+01 2.703017e+02 1.340777e+01 4.299622e+01 3.357208e+01 -3.127577e+00 1.975031e+01
6.987500e+03 2.512500e+03 1.150000e+03 4.927720e+00 3.108905e+01 1.140143e+01 1.960867e+01 2.278968e+02 1.057396e+01 -2.467326e+02 1.290605e+01 -2.229665e+02 1.107309e+01 1.700283e+02 9.811060e+00 1.868876e+01 3.357208e+01 -4.599438e+00 1.975031e+01
3.487500e+03 3.012500e+03 1.125000e+03 -1.084165e+01 3.108905e+01 -2.906734e+01 1.960867e+01 2.627213e+02 1.243190e+01 -2.594116e+02 1.257918e+01 -2.571496e+02 1.287526e+01 2.628417e+02 1.264501e+01 -6.135348e+01 3.357208e+01 4.660911e+01 1.975031e+01
3.987500e+03 3.012500e+03 1.125000e+03 1.297480e+01 3.108905e+01 7.950898e+00 1.960867e+01 2.552263e+02 1.247643e+01 -2.654664e+02 1.275666e+01 -2.737393e+02 1.280458e+01 2.555560e+02 1.255868e+01 -5.511492e+01 3.357208e+01 -2.168078e+00 1.975031e+01
4.487500e+03 3.012500e+03 1.100000e+03 -6.533479e+00 3.108905e+01 2.999162e+01 1.960867e+01 2.522355e+02 1.204408e+01 -2.443635e+02 1.257216e+01 -2.165042e+02 1.069978e+01 2.117837e+02 1.142682e+01 3.003909e+01 3.357208e+01 -1.951042e+01 1.975031e+01
4.987500e+03 3.012500e+03 1.075000e+03 -5.208032e+01 3.108905e+01 2.507362e+01 1.960867e+01 2.604622e+02 1.345925e+01 -2.248584e+02 1.152502e+01 -2.632350e+02 1.331191e+01 2.272678e+02 1.191501e+01 1.479479e+01 3.357208e+01 -1.287022e+01 1.975031e+01
5.487500e+03 3.012500e+03 1.100000e+03 -3.391138e+01 3.108905e+01 -5.567595e+01 1.960867e+01 3.379564e+02 1.584114e+01 -4.129702e+02 2.096020e+01 -3.107914e+02 1.488449e+01 3.743536e+02 2.041650e+01 4.426774e+01 3.357208e+01 1.515309e+01 1.975031e+01
5.987500e+03 3.012500e+03 1.125000e+03 8.501865e+01 3.108905e+01 2.739157e+01 1.960867e+01 2.440839e+02 1.215443e+01 -1.266670e+02 6.638205e+00 -2.423401e+02 1.245303e+01 1.230938e+02 6.271625e+00 -5.446519e+01 3.357208e+01 -3.431174e+01 1.975031e+01
6.487500e+03 3.012500e+03 1.175000e+03 -3.454222e+02 3.108905e+01 1.520093e+02 1.960867e+01 8.523594e+02 4.051595e+01 -6.749758e+02 3.392683e+01 -7.487723e+02 3.595027e+01 7.855002e+02 3.669400e+01 3.271110e+02 3.357208e+01 -1.126122e+02 1.975031e+01
6.987500e+03 3.012500e+03 1.175000e+03 -5.946191e+01 3.108905e+01 2.450961e+01 1.960867e+01 7.907752e+02 3.777519e+01 -7.680833e+02 3.718621e+01 -8.227702e+02 4.430522e+01 9.359135e+02 4.610104e+01 -6.754807e-01 3.357208e+01 1.915982e+01 1.975031e+01
3.487500e+03 3.512500e+03 1.125000e+03 5.063847e+01 3.108905e+01 -1.105418e+01 1.960867e+01 2.293560e+02 1.280240e+01 -2.788153e+02 1.279146e+01 -2.436561e+02 1.229873e+01 2.558421e+02 1.284580e+01 7.771381e+00 3.357208e+01 -2.405416e+01 1.975031e+01
3.987500e+03 3.512500e+03 1.125000e+03 -2.886936e+01 3.108905e+01 1.970932e+01 1.960867e+01 1.944517e+02 9.362430e+00 -2.536612e+02 1.179798e+01 -1.337611e+02 7.200515e+00 1.761357e+02 9.137570e+00 3.497590e+01 3.357208e+01 -6.689030e+01 1.975031e+01
4.487500e+03 3.512500e+03 1.050000e+03 -2.359964e+01 3.108905e+01 -2.984501e+01 1.960867e+01 2.590837e+02 1.262777e+01 -2.349217e+02 1.174484e+01 -2.869169e+02 1.418860e+01 2.211324e+02 1.147115e+01 -6.484221e+01 3.357208e+01 -3.083683e+01 1.975031e+01
4.987500e+03 3.512500e+03 1.075000e+03 6.251340e+01 3.108905e+01 4.806558e+01 1.960867e+01 4.154255e+02 2.130440e+01 -3.111797e+02 1.501670e+01 -2.636272e+02 1.305741e+01 3.152243e+02 1.633213e+01 -4.249930e+01 3.357208e+01 -6.293756e+01 1.975031e+01
5.487500e+03 3.512500e+03 1.150000e+03 -2.517272e+02 3.108905e+01 1.954506e+02 1.960867e+01 1.313430e+03 6.645555e+01 -9.354683e+02 4.817399e+01 -2.547050e+02 1.271831e+01 3.337540e+02 1.885680e+01 1.748809e+02 3.357208e+01 -1.179060e+02 1.975031e+01
5.987500e+03 3.512500e+03 1.150000e+03 -2.065212e+01 3.108905e+01 3.322576e+01 1.960867e+01 7.066558e+02 3.521978e+01 -7.689752e+02 3.488934e+01 -6.603321e+02 3.171254e+01 6.902909e+02 3.395991e+01 1.339092e+01 3.357208e+01 -8.043630e+00 1.975031e+01
6.487500e+03 3.512500e+03 1.200000e+03 5.030039e+01 3.108905e+01 -5.731552e+01 1.960867e+01 7.213302e+02 3.602777e+01 -7.456572e+02 3.689232e+01 -5.658104e+02 2.846849e+01 6.627279e+02 3.245395e+01 5.840149e+00 3.357208e+01 1.286240e+01 1.975031e+01
6.987500e+03 3.512500e+03 1.200000e+03 3.738395e+01 3.108905e+01 -4.685529e+00 1.960867e+01 7.561299e+02 3.609052e+01 -7.732927e+02 3.796654e+01 -7.937561e+02 3.662138e+01 6.976845e+02 3.798040e+01 3.319549e+01 3.357208e+01 9.624924e+00 1.975031e+01
3.487500e+03 4.012500e+03 1.125000e+03 -1.468602e+01 3.108905e+01 -2.603103e+01 1.960867e+01 2.004745e+02 1.001759e+01 -2.187594e+02 1.118611e+01 -2.365024e+02 1.182173e+01 2.426052e+02 1.270266e+01 -1.091216e+01 3.357208e+01 -1.266082e+01 1.975031e+01
3.987500e+03 4.012500e+03 1.050000e+03 -7.846692e+01 3.108905e+01 1.479689e+01 1.960867e+01 3.180038e+02 1.647741e+01 -2.456948e+02 1.262113e+01 -3.359688e+02 1.546531e+01 2.372414e+02 1.204557e+01 1.811875e+00 3.357208e+01 -3.821829e+01 1.975031e+01
4.487500e+03 4.012500e+03 1.050000e+03 -2.046971e+01 3.108905e+01 1.371899e+01 1.960867e+01 3.815037e+02 1.800802e+01 -3.823493e+02 1.872872e+01 -3.458528e+02 1.839198e+01 3.349662e+02 1.841783e+01 2.730707e+01 3.357208e+01 -7.334583e+01 1.975031e+01
4.987500e+03 4.012500e+03 1.125000e+03 -1.527337e+02 3.108905e+01 8.335355e+01 1.960867e+01 3.975350e+02 1.937057e+01 -4.141895e+02 2.127451e+01 -6.517754e+02 3.607795e+01 6.786996e+02 3.704593e+01 3.178885e+02 3.357208e+01 -1.958145e+02 1.975031e+01
5.487500e+03 4.012500e+03 1.175000e+03 4.434227e+00 3.108905e+01 -5.397625e-01 1.960867e+01 7.654587e+01 4.057517e+00 -9.676874e+01 4.642909e+00 -1.597577e+02 7.934030e+00 1.306164e+02 6.310925e+00 7.352577e+01 3.357208e+01 -9.846407e+00 1.975031e+01
5.987500e+03 4.012500e+03 1.150000e+03 1.408676e+02 3.108905e+01 1.902790e+01 1.960867e+01 6.097834e+02 2.893842e+01 -5.842869e+02 2.907319e+01 -7.123983e+02 3.505172e+01 5.876782e+02 3.261033e+01 -1.342321e+02 3.357208e+01 6.136401e+01 1.975031e+01
6.487500e+03 4.012500e+03 1.225000e+03 -1.803696e+01 3.108905e+01 -3.778363e+01 1.960867e+01 5.964370e+02 3.137912e+01 -5.893372e+02 2.986268e+01 -5.120460e+02 2.732170e+01 5.481748e+02 2.794891e+01 -2.649659e+01 3.357208e+01 4.267676e+01 1.975031e+01
6.987500e+03 4.012500e+03 1.275000e+03 -1.749749e+02 3.108905e+01 1.293714e+02 1.960867e+01 5.335221e+02 2.792804e+01 -6.589319e+02 3.217333e+01 -5.334375e+02 2.685837e+01 6.742710e+02 3.146377e+01 1.023867e+02 3.357208e+01 -1.392872e+02 1.975031e+01
3.487500e+03 4.512500e+03 1.075000e+03 -5.511134e+01 3.108905e+01 2.585224e+01 1.960867e+01 2.498633e+02 1.318175e+01 -2.476194e+02 1.156329e+01 -2.695244e+02 1.256123e+01 2.403179e+02 1.209511e+01 2.064323e+01 3.357208e+01 1.249743e+01 1.975031e+01
3.987500e+03 4.512500e+03 1.025000e+03 -3.065172e+01 3.108905e+01 -5.522126e+01 1.960867e+01 3.423691e+02 1.743171e+01 -3.828548e+02 2.029609e+01 -4.044219e+02 1.906114e+01 4.091122e+02 2.114889e+01 -7.171103e+00 3.357208e+01 4.120102e+01 1.975031e+01
4.487500e+03 4.512500e+03 1.100000e+03 1.076229e+02 3.108905e+01 -1.233403e+01 1.960867e+01 3.645973e+02 1.710543e+01 -1.851014e+02 9.709420e+00 -2.902667e+02 1.461848e+01 1.798479e+02 9.700990e+00 -6.982543e+01 3.357208e+01 7.628735e+01 1.975031e+01
4.987500e+03 4.512500e+03 1.175000e+03 -4.754810e+00 3.108905e+01 2.504231e+01 1.960867e+01 5.547208e+02 2.725484e+01 -6.355441e+02 3.165790e+01 -6.482124e+02 2.989860e+01 6.524015e+02 3.239196e+01 -2.756121e+01 3.357208e+01 5.326206e+01 1.975031e+01
5.487500e+03 4.512500e+03 1.275000e+03 -8.148608e+01 3.108905e+01 7.987976e+01 1.960867e+01 5.880868e+02 2.953329e+01 -6.585501e+02 3.137348e+01 -3.916455e+02 1.817364e+01 5.229598e+02 2.399040e+01 1.839619e+02 3.357208e+01 -9.711660e+01 1.975031e+01
5.987500e+03 4.512500e+03 1.200000e+03 1.972068e+02 3.108905e+01 -5.605055e+01 1.960867e+01 6.482085e+02 3.236836e+01 -7.625261e+02 4.157754e+01 -6.213951e+02 3.349819e+01 8.290387e+02 4.130286e+01 -1.650893e+02 3.357208e+01 6.469612e+01 1.975031e+01
6.487500e+03 4.512500e+03 1.225000e+03 2.301439e+01 3.108905e+01 1.025351e+02 1.960867e+01 7.333812e+02 3.779024e+01 -8.021060e+02 3.861954e+01 -4.682540e+02 2.349518e+01 4.307834e+02 2.214525e+01 5.470807e+01 3.357208e+01 -7.185133e+01 1.975031e+01
6.987500e+03 4.512500e+03 1.350000e+03 -1.000196e+02 3.108905e+01 7.871881e+01 1.960867e+01 5.758575e+02 2.976506e+01 -7.438134e+02 3.607937e+01 -6.069504e+02 3.050972e+01 7.350921e+02 3.749355e+01 4.840451e+01 3.357208e+01 -7.747326e+01 1.975031e+01
3.487500e+03 5.012500e+03 1.050000e+03 -1.816282e+01 3.108905e+01 -1.839208e+01 1.960867e+01 3.213008e+02 1.710731e+01 -2.470020e+02 1.368516e+01 -3.351406e+02 1.616242e+01 2.502863e+02 1.332563e+01 3.174940e+00 3.357208e+01 2.885437e+00 1.975031e+01
3.987500e+03 5.012500e+03 1.075000e+03 -4.460370e+01 3.108905e+01 -2.154376e+01 1.960867e+01 2.646888e+02 1.368041e+01 -2.874854e+02 1.447604e+01 -2.754116e+02 1.372267e+01 3.017129e+02 1.461457e+01 1.045604e+01 3.357208e+01 2.803719e+01 1.975031e+01
4.487500e+03 5.012500e+03 1.125000e+03 -4.801266e+01 3.108905e+01 5.691303e+01 1.960867e+01 6.647233e+02 3.661741e+01 -7.880263e+02 3.930832e+01 -7.454686e+02 3.668984e+01 8.161332e+02 4.026343e+01 6.389480e+01 3.357208e+01 -4.034719e+01 1.975031e+01
4.987500e+03 5.012500e+03 1.200000e+03 6.892174e+00 3.108905e+01 2.818075e+01 1.960867e+01 6.319219e+02 2.924461e+01 -6.106961e+02 3.120079e+01 -5.367180e+02 2.639486e+01 6.576143e+02 3.037878e+01 -3.555209e+00 3.357208e+01 -7.509299e+00 1.975031e+01
5.487500e+03 5.012500e+03 1.200000e+03 1.212071e+01 3.108905e+01 -5.637126e+01 1.960867e+01 7.013441e+02 3.336237e+01 -6.480050e+02 3.434898e+01 -6.104618e+02 3.157872e+01 5.839855e+02 3.248670e+01 -1.022064e+02 3.357208e+01 1.758652e+01 1.975031e+01
5.987500e+03 5.012500e+03 1.300000e+03 -7.167856e+01 3.108905e+01 8.382232e+01 1.960867e+01 4.241812e+02 2.166468e+01 -5.357430e+02 2.579928e+01 -4.789768e+02 2.516994e+01 5.928062e+02 2.887844e+01 1.467295e+02 3.357208e+01 -7.660887e+01 1.975031e+01
6.487500e+03 5.012500e+03 1.200000e+03 -2.079843e+01 3.108905e+01 -1.960670e+01 1.960867e+01 1.650010e+02 8.088080e+00 -1.279295e+02 6.100860e+00 -1.029259e+02 5.696685e+00 1.291203e+02 6.480030e+00 -2.206363e+01 3.357208e+01 9.806386e+00 1.975031e+01
6.987500e+03 5.012500e+03 1.300000e+03 -2.401028e+01 3.108905e+01 2.272619e+01 1.960867e+01 4.792370e+02 2.486359e+01 -5.215625e+02 2.728408e+01 -5.398017e+02 2.747983e+01 5.674141e+02 2.814165e+01 -7.842859e+00 3.357208e+01 -1.280531e+01 1.975031e+01
3.487500e+03 5.512500e+03 1.025000e+03 -2.322098e+01 3.108905e+01 9.129019e+00 1.960867e+01 3.990023e+02 2.314166e+01 -4.177367e+02 1.978810e+01 -4.879713e+02 2.628283e+01 4.755406e+02 2.162907e+01 6.226593e+01 3.357208e+01 -4.004328e+01 1.975031e+01
3.987500e+03 5.512500e+03 1.075000e+03 6.380382e+01 3.108905e+01 -7.442008e+01 1.960867e+01 5.538137e+02 2.787306e+01 -4.526030e+02 2.182944e+01 -5.613443e+02 2.469139e+01 3.801166e+02 1.961975e+01 -1.470823e+02 3.357208e+01 7.333905e+01 1.975031e+01
4.487500e+03 5.512500e+03 1.150000e+03 -5.856047e+01 3.108905e+01 2.916180e+01 1.960867e+01 5.984181e+02 2.881638e+01 -6.645359e+02 3.203022e+01 -6.371390e+02 3.307039e+01 6.962092e+02 3.488929e+01 1.108611e+02 3.357208e+01 -3.268272e+01 1.975031e+01
4.987500e+03 5.512500e+03 1.200000e+03 -9.393389e+00 3.108905e+01 3.888513e+01 1.960867e+01 2.861655e+02 1.410574e+01 -3.075357e+02 1.489649e+01 -5.362320e+02 2.650281e+01 5.922764e+02 2.902651e+01 -2.469219e+01 3.357208e+01 -4.987767e+01 1.975031e+01
5.487500e+03 5.512500e+03 1.200000e+03 -2.938346e+01 3.108905e+01 -2.559627e+01 1.960867e+01 5.202307e+02 2.714658e+01 -5.280310e+02 2.527742e+01 -5.670077e+02 2.968009e+01 5.370529e+02 2.682833e+01 -2.073014e+01 3.357208e+01 1.153733e+01 1.975031e+01
5.987500e+03 5.512500e+03 1.200000e+03 -4.326470e+01 3.108905e+01 1.198349e+01 1.960867e+01 6.067419e+02 3.210619e+01 -5.319748e+02 2.583835e+01 -6.289222e+02 3.128796e+01 5.008257e+02 2.447840e+01 -6.612676e+01 3.357208e+01 -3.272587e+01 1.975031e+01
6.487500e+03 5.512500e+03 1.325000e+03 -1.058027e+02 3.108905e+01 7.806115e+01 1.960867e+01 3.213929e+02 1.596434e+01 -3.772305e+02 1.988154e+01 -4.840373e+02 2.384328e+01 6.092926e+02 2.953466e+01 8.200118e+01 3.357208e+01 -1.505122e+02 1.975031e+01
6.987500e+03 5.512500e+03 1.225000e+03 8.208826e+01 3.108905e+01 -9.955590e+00 1.960867e+01 7.863409e+02 4.059645e+01 -5.783899e+02 2.987626e+01 -6.223455e+02 2.953751e+01 4.507521e+02 2.336406e+01 -1.214997e+02 3.357208e+01 8.211076e+01 1.975031e+01
